   -5.550   -5.386   -4.146
   -5.917   -5.596   -6.117
   -3.664   -5.383   -8.998
   -2.364   -3.080   -1.025
    3.031    2.040    3.548
   -0.608   -4.491   -6.733
   -4.229   -4.215   -3.660
    1.573    3.420    3.229
   -4.135   -4.477   -3.411
   -2.300   -1.930   -2.429
   -4.763   -4.292   -5.147
   -4.763   -5.158   -4.338
  -10.537  -10.219  -11.274
    2.668    2.315   -0.000
    2.850    3.978    3.268
    2.450    1.704    4.525
    1.850    1.731    5.891
    9.786    8.286    8.722
   -6.364   -6.330   -6.443
   -9.269   -9.795   -8.500
   -7.101   -7.606   -7.036
   -7.330   -6.366   -6.971
   -8.269   -7.208   -7.361
  -10.337  -10.213   -8.838
   -6.108   -5.364   -5.500
   -9.679   -8.805   -9.679
   -4.137   -4.768   -1.699
   -2.448   -5.763   -3.298
   -0.000    2.512    1.838
    2.200    2.009    1.532
   -4.900   -5.277   -5.020
   -1.146    0.341   -1.153
    1.839    3.418    1.489
    6.108    4.933    4.178
    5.074    4.890    6.243
    5.629    4.693    5.720
    4.250    4.892    6.426
    3.352    2.935    2.630
    0.000    0.644    2.918
    1.539    3.869    2.642
    3.447    4.013    1.606
    2.223    3.689    3.800
    1.476    1.604    2.888
   -8.666   -8.954   -8.465
   -8.666   -6.506   -7.904
   -7.621   -7.717   -6.971
   -7.621   -8.364   -8.061
   -9.750   -9.595   -8.878
   -9.303   -8.876   -8.322
   -8.800   -7.974   -6.691
   -8.666   -8.809   -7.626
   -9.303   -9.315   -8.991
  -10.337   -9.914   -8.233
   12.216   12.175   10.569
   12.310   11.225    9.919
   -5.515   -3.682   -2.400
   -3.447   -4.562   -2.342
   -5.716   -5.175   -2.285
   -5.515   -5.296   -5.171
    2.873    4.339    2.527
   12.122   12.357   10.670
   12.310   12.207   10.002
    5.233    6.687    9.591
    9.128    8.957    8.612
   10.000    9.172    4.941
  -10.306   -9.198  -10.873
   -4.400   -4.743   -6.500
   11.916   11.984    9.694
   -0.000    0.630    3.897
   -6.400   -4.993   -5.312
   13.098   13.317    8.964
    5.712    7.138    5.958
    2.893    0.926   -0.595
   -7.584   -8.996   -6.992
    8.765    8.736    8.506
   -0.000   -0.998   -0.751
   -6.205   -7.387   -8.770
   -9.115   -8.445   -8.611
   -6.401   -5.424   -3.954
   -7.048   -6.735   -7.517
   -8.568   -8.394   -7.193
   -0.642   -3.910   -2.507
   -8.666   -9.099   -8.491
   -9.651   -9.020   -7.540
   -4.500   -3.701   -4.385
   -8.175   -8.179   -8.337
   -4.500   -3.701   -4.385
    3.984    3.813    4.510
    1.839    1.451    2.338
    2.250   -1.815   -2.427
   -8.487   -6.488   -7.413
   -5.592   -4.859   -5.839
   -7.507   -7.051   -8.304
    0.000   -1.143   -0.662
   -5.716   -6.099   -7.349
   -8.050   -5.932   -5.708
    2.084    0.107   -2.561
   -2.957   -3.186   -5.164
    0.000   -0.325    3.798
   14.938   15.324   13.037
    4.114    3.224    2.972
   10.035    9.572    8.951
   -8.568   -8.093   -8.888
   -7.485   -7.655   -8.109
   -9.750   -9.934   -9.465
    5.950    9.140    9.282
   -5.507   -4.410   -2.476
   16.887   18.485   16.524
    2.750    2.255    2.381
   -0.000    1.515   -0.506
    9.899    8.731    9.651
    5.056    5.411    4.642
   17.600   15.099   11.067
   12.404   12.518   12.595
   15.265   16.836   17.400
    5.629    6.730    6.774
   -5.515   -7.835   -6.777
  -10.337   -8.955   -9.740
    5.416    4.509    2.609
    3.195    0.924    0.778
   13.250   14.168   11.654
   -7.500   -7.179   -6.865
  -11.088  -10.703  -10.722
   -7.071   -6.036   -5.745
    0.000    0.733   -0.760
   -1.354   -0.156    1.153
    5.889    7.543   10.182
    2.165    2.599    1.000
    4.070    4.181    3.725
  -12.704  -12.956  -12.910
    1.607    2.114   -0.035
   -8.400   -8.704   -6.897
   -3.800   -3.520   -4.430
   19.204   19.145   16.089
   -1.511   -3.249   -2.311
   -0.799    1.183   -1.140
    0.787   -1.748   -1.617
   -4.213   -4.271   -2.962
   -1.126    1.127   -2.063
    6.942    8.331   10.146
   12.216   12.195   10.700
    1.700    3.073    4.182
   -2.364    1.372    0.699
   -5.822   -6.196   -7.123
   -3.021   -2.113   -2.866
   -4.949   -3.672   -5.325
   -9.209  -10.249   -8.656
   -5.056   -4.059   -3.990
   -2.257   -1.616   -2.497
   -3.545   -2.188   -0.031
   19.204   18.821   15.812
   -2.257   -2.798   -1.470
    2.893    3.949    3.929
    1.992    2.298    1.814
   11.182   10.584   11.021
   12.216   11.697   13.112
   13.787   14.798   16.089
    4.936    4.000    4.746
   -6.390   -7.611   -8.085
    3.694    1.429    0.930
   -3.500   -1.227   -2.619
   -5.515   -4.694   -4.799
   -5.600   -5.193   -7.018
    4.590    5.010    4.711
    5.271    4.990    4.502
    7.236    6.499    5.361
   -2.750   -2.149   -2.974
   13.856   14.647   15.417
   16.368   15.406   15.945
   13.300   13.447   12.970
   -5.262   -5.035   -4.996
    6.598    6.373    6.392
   13.300   13.986   14.915
    0.781    1.010    5.406
    2.976    4.135    4.172
    5.802    9.018   12.146
   -1.163    3.099    8.652
    1.839    3.312    1.247
   -7.500   -7.164   -8.187
   -8.400   -7.705   -9.764
   -9.115   -9.304  -10.455
   -9.039   -7.041   -6.445
   12.901   13.481   13.094
    3.447    1.505    2.510
   10.833   10.931   12.595
   -6.582   -4.718   -5.393
   -4.400   -5.137   -6.002
   -3.400   -3.034   -3.917
   -5.056   -4.042   -4.509
   -1.915   -0.721   -1.564
   -6.582   -5.214   -6.675
   11.276    7.649    9.318
   11.182   10.347   10.738
    8.350    9.580   11.069
   12.122   12.380   12.396
   -8.800   -7.297   -5.699
   -4.600   -4.487   -2.027
   -1.129   -0.093    0.521
  -10.337  -10.563  -10.093
   -1.511   -3.268   -2.598
    8.469    9.425    8.007
   -0.625   -2.670   -5.891
   -2.605    2.433    1.200
    2.605    2.820    2.696
   10.306   10.782   11.469
    7.534    8.625    8.332
   -4.213   -4.868   -5.084
   -3.897   -3.536   -5.000
   -5.500   -5.200   -5.335
   -5.416   -5.050   -6.754
   -5.262   -4.897   -5.496
   -4.949   -6.119   -4.754
    7.135    8.231    7.949
    6.582    8.311    6.791
   -8.574   -9.841   -8.494
    3.289    0.760    3.025
  -11.370  -10.318  -10.471
    3.031    3.205    3.798
   -0.855   -4.496   -6.407
    1.200    1.012    0.055
   -0.781   -1.437   -3.269
  -10.149   -9.985   -9.851
   10.954   12.495   12.218
   -7.534   -7.689   -9.178
   14.203   11.112    9.584
   14.289   14.138   13.499
    0.000   -1.640   -3.387
   -9.700   -9.193   -9.183
   -4.850   -4.707   -6.197
  -10.931  -11.577  -11.030
   -7.189   -7.094   -7.861
   -7.448   -7.315   -7.856
   -5.074   -4.776   -6.478
   -1.505   -0.796   -0.399
    3.728    4.252    5.804
   -3.283   -3.691   -0.389
   -1.881   -5.778   -4.220
  -10.833  -10.506   -9.365
   -3.031   -1.573   -3.574
    6.296    6.643    5.127
    2.185    1.584    3.021
   -1.511   -1.018   -2.784
    3.850    2.707    1.933
    2.565    2.344    1.894
    6.202    6.267    5.980
    5.899    8.016    6.374
    5.056    6.469    6.549
    2.250    1.667    3.074
    3.250    4.700    4.581
    0.000   -0.504    2.749
   -2.622   -4.405   -5.866
   -7.950   -7.184   -6.020
    6.500    4.720    3.726
   -8.800   -7.789   -7.587
   -6.668   -7.512   -8.835
   -6.600   -7.278   -7.449
   -7.621   -6.095   -6.701
   -6.202   -6.832   -7.817
   -8.666   -8.668   -7.789
   -2.800   -2.401   -3.869
   -5.515   -4.695   -5.730
   -4.432   -4.983   -4.643
   -5.515   -5.394   -4.416
   -4.500   -4.874   -3.970
   -5.600   -5.239   -5.779
   -4.432   -3.636   -4.441
   -4.432   -3.999   -4.663
   -4.500   -4.195   -3.403
    9.750    9.120    9.164
   -7.660   -9.468  -10.658
    4.936    4.879    3.348
   -7.621   -8.870  -10.750
   -0.000    0.158   -5.436
    9.750    9.374    6.874
   12.310   12.013   11.848
   -1.181   -2.533   -1.828
   12.000   10.966   11.562
  -10.149   -9.242   -9.583
   -9.115   -8.320  -10.229
    6.428    7.253    6.048
   -1.039   -3.091   -2.607
  -15.000  -15.747  -14.645
   -5.464   -5.969   -5.269
   -8.174   -8.691   -9.194
   -9.454  -10.254   -9.376
   -8.600   -8.875  -10.096
   -5.168    3.585   -0.685
    6.621    5.731    5.494
   11.797   12.052   10.600
   -3.700   -3.804   -4.096
    8.580    8.190    7.911
    2.250    2.351    3.247
   -1.222   -1.619   -1.387
    0.821   -1.195    4.147
    0.000   -1.485    0.414
   -6.511   -6.390   -5.119
    5.078    3.719    6.270
    6.697    6.528    5.437
   -3.348   -4.582   -4.770
   -0.781    0.658    0.288
   -1.839    0.229   -0.659
    0.417   -1.122   -0.934
    3.535    4.038    4.521
    1.478    1.421   -0.221
    3.447    3.674    2.390
    1.222    3.672    1.891
   -1.163   -2.993    0.305
   -8.568   -7.382   -3.031
   -7.142   -7.068   -7.656
   -9.209   -8.388   -8.567
   -9.900   -8.861   -9.118
   -5.132   -5.013   -4.276
   -9.526   -7.852   -7.979
  -10.636   -9.273   -8.210
   -7.583   -9.026   -9.593
   -4.763   -2.923   -2.253
    4.400    4.994    3.393
    0.000    2.115    1.707
    0.000   -0.683    0.157
  -13.100  -13.630  -10.387
   -0.650    0.096   -2.522
    6.942    8.682    8.132
   -8.666   -7.785   -8.022
   -7.583   -7.627   -7.960
   -5.416   -5.992   -6.962
   -5.056   -6.282   -4.095
   -5.416   -5.068   -7.024
  -13.787  -13.499  -13.204
   -9.651   -9.935   -8.083
   -1.478   -1.945   -2.879
   -5.600   -5.092   -5.185
   -3.897   -4.634   -3.871
   -5.515   -4.368   -5.290
   -4.850   -4.972   -4.881
   -3.897   -3.418   -4.898
   -0.608   -1.773    1.013
  -10.800   -9.559   -9.876
   -3.150   -2.574   -2.205
    1.642    1.973    0.513
    6.556    7.567    6.818
  -12.704  -13.508  -14.179
   -4.564   -3.511   -5.071
  -11.432  -11.455   -7.267
  -10.636  -10.399  -11.254
  -10.636  -11.128  -11.673
   -9.353  -10.462  -11.864
   -4.800   -5.516   -6.307
   -5.399   -4.521   -4.388
    0.434    0.770    1.342
   -7.386   -5.891   -4.900
   -1.094   -1.472    1.168
   -5.899   -5.078   -5.353
    0.608    1.176    1.028
  -10.636   -9.622   -8.039
    1.750    1.017   -0.094
   -4.850   -4.853   -0.054
   -3.447   -3.600   -2.295
   -5.899   -4.846   -4.361
   -6.668   -5.714   -5.832
   -8.666   -8.291   -7.853
   -8.175   -6.797   -7.643
   -4.290   -5.145   -5.971
   -9.651   -9.171   -8.096
   -2.764   -4.102   -4.777
    9.115    8.474    8.403
   -1.915   -3.089   -0.794
   -7.485   -7.776   -6.380
  -10.833  -11.394  -10.800
   -8.269   -6.933   -7.712
   -2.375   -4.653   -5.022
  -10.636   -9.498   -9.101
   10.648    9.687    8.443
    2.250    2.547    2.249
    4.432    3.328    3.752
    4.371    2.434    5.007
  -11.800  -10.805  -10.947
    3.078    3.652    5.421
    2.223    7.251    5.102
   -4.070   -5.269   -2.763
    4.500    4.576    5.283
   -8.568   -8.889   -9.094
  -10.045   -9.952  -10.996
  -10.700  -10.468  -11.778
    4.036    1.460    0.124
   -2.531   -1.839   -1.902
    6.550    2.936    1.949
   -5.629   -6.264   -6.980
   -4.371   -2.502   -3.532
   -3.300   -2.059   -2.417
   -1.126   -2.270   -2.155
   -5.899   -4.342   -4.921
   -6.598   -5.091   -5.888
    3.283    2.061    2.165
    2.049    2.798    2.938
   -9.706  -11.663   -8.525
    9.269    8.421    8.776
    7.048    7.759    8.279
   -7.600   -7.659   -8.449
   -8.568   -6.674   -8.012
    2.893    5.686   -0.368
    8.228    7.480    8.668
    5.889    5.546    3.624
    7.236    7.753    7.458
    5.528    9.761    8.171
    9.706   11.389   10.809
   -9.882   -8.642   -6.024
    9.805    7.480    8.668
    1.163    6.084    6.070
   -6.741   -7.318   -6.939
   -1.915   -0.658   -0.711
    1.839   -0.515   -3.408
    1.302    1.561    1.330
    2.101    2.057    1.897
    7.583    7.752    1.805
   -9.848  -11.083  -10.060
  -13.156  -13.857  -13.672
    5.209    5.510    3.822
  -11.172  -11.819  -11.904
    7.330    7.091    7.469
   -7.682   -6.901   -6.386
   -3.118   -4.094   -7.548
   -8.574   -7.990   -7.951
   -9.115  -10.086  -10.030
    6.800    8.854    9.194
  -17.400  -16.235  -15.200
    9.513    9.441   12.778
   -9.553   -8.283   -8.673
  -10.149   -9.742  -10.836
    8.999    8.699   10.316
    8.081    6.385    9.289
    5.900    3.608    4.883
    5.900    6.484   10.229
   11.056    9.605   11.693
    2.084    0.772    0.710
   -5.822   -6.488   -7.071
   -0.000    0.914    1.253
   -3.250   -3.126   -2.685
   -3.600   -2.599   -3.416
   -3.031   -1.066   -4.091
   -7.534   -8.850   -9.050
    1.459    1.128    2.314
    8.963    7.519    8.590
    0.434    1.147    0.729
    0.243    0.012   -0.900
   -2.300   -3.406   -3.434
   -7.142   -7.721   -8.317
   -5.168   -6.462   -5.843
  -12.704  -11.569  -12.420
   -1.212   -1.996    0.171
   -1.607   -1.576   -1.682
   -1.146   -2.404   -2.997
  -11.818  -12.870  -11.562
  -13.156  -12.560  -13.000
    5.600    4.767    4.864
   -9.750   -8.826   -8.295
   -7.583   -7.277   -8.393
   -8.269   -8.450   -7.834
   -6.364   -7.415   -8.341
   -5.657   -6.061   -6.733
   -7.621   -7.045   -7.756
   -7.621   -7.943   -7.652
   -0.330   -2.287   -1.492
    1.471    0.937    0.583
    4.100    2.165    2.315
   -5.716   -7.314   -8.453
    3.289    2.971   -2.904
   -3.600   -3.812   -4.462
   -8.666   -8.789   -9.622
    4.307    4.936    1.075
   -0.000   -3.785   -4.023
    3.031    2.656   -2.900
   -2.255   -0.964   -2.953
   -7.583   -7.231   -7.471
   -5.716   -6.084   -5.184
   14.969   17.476   15.942
   -9.553   -8.992   -9.861
    6.428    6.275    6.101
  -13.000  -12.677  -13.817
    0.747    0.481   -0.059
   17.290   16.363   16.487
  -11.088   -9.996  -10.722
    6.350    8.171   11.355
   -2.250   -2.903   -3.909
   -5.209   -3.921   -4.955
   -8.400   -7.526   -7.810
   -7.135   -5.937   -4.829
   -2.736   -1.789   -2.459
   -5.500   -5.125   -4.192
   -5.849   -5.623   -5.319
   -4.070   -5.074   -4.272
   -5.899   -4.629   -6.172
   -3.447   -3.497   -4.117
   -0.573   -0.531   -1.584
   -8.568   -8.093   -5.800
   -6.108   -5.553    1.020
   -0.000    0.338    0.086
   -1.650   -1.551    0.152
    4.378    4.691    5.509
   -3.535   -3.027   -3.349
   -8.175   -7.368   -4.832
  -10.306   -7.961   -6.032
  -14.969  -13.672  -13.081
   -2.858    2.488   -1.483
   -8.700   -8.664   -9.007
   -8.800   -8.501   -8.433
   -7.583   -7.605   -8.805
   -8.568   -8.000   -8.273
   -6.741   -6.568   -6.935
    0.417    2.951   -0.914
   -7.583   -7.798   -7.651
   -4.763   -3.483   -6.054
    2.292    1.264    2.848
    6.755    7.961    7.302
    0.855    0.567   -2.687
    6.665    3.959    5.548
   -3.300   -4.307   -4.181
    4.900    5.217    6.117
   -5.657   -5.444   -6.045
   -4.229   -3.653   -5.663
   -2.893   -4.332   -3.809
   -5.613   -4.927   -5.320
   -6.202   -7.345   -8.736
   -6.697   -6.602   -7.456
   -7.621   -6.627   -7.272
   10.188   12.227    9.638
    6.052    7.682    8.200
   -9.947   -9.468   -9.559
   -7.236   -6.783   -7.720
   -5.416   -6.783   -7.720
    1.573    3.225    0.077
    2.314    1.921   -2.773
    1.539    3.379    2.524
    2.364    3.050   -2.757
   12.404   12.270   11.847
    7.199    7.274    7.179
    5.785    4.550    4.703
   13.077   13.290   14.454
    1.545    0.690    0.549
    6.282    4.859    3.890
    3.101    2.244    1.789
   -5.500   -5.295   -5.441
  -11.621  -10.989  -11.231
   16.052   17.000   18.394
   19.302   16.764   17.282
   -2.500   -1.949   -1.920
   -4.979   -5.623   -4.837
   -7.584   -7.092   -7.027
    1.007    0.178   -1.519
   -7.048   -6.495   -7.115
   -6.942   -7.821   -8.999
   -2.834   -3.743   -3.213
   -4.307   -4.333   -4.273
   -8.900   -9.578  -10.552
    0.573    1.251    0.758
   -1.039   -1.376    0.412
   -5.074   -5.275   -1.600
   -0.000   -0.516    0.270
   -6.202   -5.282   -5.530
    0.000   -0.093    0.213
    2.150    2.203    0.829
    1.650    1.954    3.724
    3.650    4.447    4.981
    3.200    4.023    3.929
  -10.636  -12.422  -10.722
   -1.858    1.365    0.526
    5.600    5.294    5.580
   -7.534   -7.844   -7.666
   -9.750   -8.665   -9.346
  -12.216   -7.776   -7.685
   -4.530   -4.695   -5.375
  -11.567  -10.953  -11.482
    3.407    5.716    5.908
   -8.800   -7.797   -5.799
   -6.668   -6.881   -7.956
   -6.500   -6.133   -6.981
   -6.582   -5.882   -7.179
   -3.010   -4.865   -7.864
   -6.500   -5.391   -5.785
   -8.292   -4.306   -6.605
   -7.700   -7.928   -8.465
   -5.132   -4.764   -5.692
   -6.755   -6.877   -7.212
    6.556    6.044    4.663
    3.900    5.002    3.704
   -5.150   -3.595   -2.791
   -3.489   -1.335   -2.278
    8.800   10.603   10.877
   11.100   11.434    9.575
    6.894    4.516    1.677
   11.464    8.626    9.071
    6.296    5.572    3.216
   -1.197   -3.943   -3.084
   10.525    9.342    5.399
   -5.132   -8.100   -8.324
   -7.600   -6.780   -7.166
   11.691   11.631   12.662
   14.565   13.683   14.501
   -1.671    2.078   -0.156
    3.400    5.377    7.087
    0.799    1.676    1.451
    5.889    5.851    7.061
    1.126    1.615   -0.404
   -1.573   -0.915   -0.230
   -3.811   -4.886   -3.675
   -7.585   -7.485   -8.016
   -8.962   -9.181   -8.592
    2.185    0.639    0.144
   -4.307   -2.623   -4.272
  -10.243   -9.780  -10.414
   -2.634   -4.578   -6.140
   -2.511   -2.299   -1.286
   -7.534   -6.458   -7.646
   -8.175   -9.144   -9.063
   -7.534   -6.045   -7.372
   -6.741   -7.994   -7.793
   -9.800   -9.971  -10.497
   -9.600   -8.573   -8.725
   -3.811   -5.114   -2.665
  -11.800  -11.865   -9.286
   -8.500   -7.892   -6.661
    3.724    2.629    0.495
    8.503    8.029    7.473
   -6.500   -6.899   -6.928
    4.450    5.466    6.547
   -8.700   -9.439  -10.700
   -2.084    0.368   -1.841
   -9.021   -8.970   -7.778
    1.915    3.708    3.662
   -3.600   -4.297   -2.701
    5.450    8.209    6.906
    7.071    6.129    4.599
    5.267    5.756    6.052
   -7.431   -5.455   -6.930
    1.847    1.660    1.036
    4.596    5.144    4.602
   -8.469   -7.764   -7.870
   -9.353   -9.785  -10.361
   10.931   10.896   11.188
   14.300   13.795   13.996
    8.551    9.392   10.699
    0.972    0.208    3.413
   -0.972   -1.367   -2.471
   -0.000   -0.062   -0.506
   11.818   11.054    8.688
  -13.156  -14.140  -12.841
   12.000   11.895    9.822
    4.763    5.441    4.533
    0.000    0.142    0.033
   -1.083   -0.380   -0.741
   -3.101   -3.859   -3.332
   -7.585   -5.494   -6.446
   -7.354   -6.028   -6.613
   -7.354   -6.949   -4.892
   -2.850   -2.863   -2.983
   -5.078   -4.586   -4.629
   -9.209  -10.074  -10.244
   -6.741   -5.457   -7.013
   -5.132   -4.207   -3.435
   -7.236   -6.602   -8.476
   -4.290   -3.882   -5.660
   -5.014   -4.580   -3.693
   -4.290   -3.882   -5.660
  -11.800  -11.299  -13.352
   -4.200   -3.866   -4.606
   -2.907   -2.527   -1.213
   -4.503   -5.684   -4.926
   -6.450   -5.133   -6.300
   -6.450   -4.823   -5.206
   -3.660   -2.657   -3.445
   -4.754   -4.807   -4.459
   -9.750   -9.238   -8.098
   -4.432   -5.172   -5.118
    1.893    3.171    1.285
   -1.320   -1.323   -1.438
    1.702    6.543    4.753
   -5.318   -6.678   -5.355
   -2.078   -3.500   -4.019
   -6.296   -5.579   -5.833
   -7.583   -7.599   -7.383
   -6.296   -6.402   -7.047
   -1.128   -0.773   -3.217
    5.914    3.045    3.797
    7.071    7.065    7.914
    1.539    2.369    2.886
    4.700    6.096    6.191
    7.217    7.805    5.307
   -0.000    0.787   -0.489
    9.128    9.147   10.189
   10.112    8.861   11.314
    1.847    1.169    0.655
    1.372   -0.130   -2.736
   -0.834    3.418    3.887
   -5.550   -4.382   -6.929
   -8.469   -7.194   -7.274
   -8.400   -6.783   -7.039
  -10.636   -9.844   -9.317
   -1.950   -1.821   -2.028
   12.015   10.527   10.199
   10.734   11.288   10.691
   -4.900   -5.883   -4.595
   -3.728   -1.850   -2.679
   -1.181   -0.178   -0.880
   11.370   12.062   11.773
    5.920    5.895    5.625
   -1.528   -3.043   -2.959
   -0.851    3.482    1.235
   -4.936   -3.970   -5.497
   -5.822   -6.054   -7.058
   -6.202   -6.623   -7.795
   -8.469   -7.598   -6.998
   -9.039   -9.701   -7.886
   -5.023   -5.700   -3.769
    0.606    1.115    0.134
   -4.821   -4.989   -4.595
   -3.407   -4.253   -4.153
   -5.528   -5.883   -3.672
   -2.155   -2.371   -1.838
   -1.493   -3.543   -1.169
    3.352    4.835    3.173
   -4.350   -5.527   -6.012
   -3.289   -4.771   -5.817
   -4.235   -4.798   -3.754
   -3.700   -2.520   -2.884
   -7.448   -6.369   -5.284
   -2.250   -3.026   -3.800
   -5.262   -5.961   -6.604
   -4.242   -4.818   -6.037
   -3.447   -3.854   -5.750
   -6.600   -7.098   -7.104
   -6.500   -6.052   -6.296
   -5.262   -5.710   -6.573
   -8.900   -6.058   -5.755
    9.209   10.331    9.444
    5.400    6.377    5.202
   -5.700   -5.777   -7.538
    4.323    3.899    1.850
   -6.600   -6.792   -6.382
   -5.802   -5.331   -3.976
    0.781    1.714    1.540
    2.893   -3.670   -1.796
    0.781    0.462    0.105
    0.781    0.462    0.105
   -8.175   -6.855   -7.794
   -8.700   -7.800   -8.299
    5.600    6.680    8.126
   -0.900    2.316    6.545
   17.333   16.306   12.931
   14.083   11.363    8.554
    8.300    8.076    8.221
    2.084    3.055    1.597
   -6.282   -6.152   -6.790
    5.456    5.423    6.627
   -0.000    0.871    0.237
    7.071    6.071    5.104
    1.719    0.978   -0.476
   -4.412   -4.667   -5.946
   -5.233   -6.719   -6.201
   -5.233   -8.113   -7.604
  -10.337  -10.317  -10.149
  -18.022  -15.891  -14.965
   -6.400   -5.538   -5.092
   -7.386   -7.597   -7.027
   -8.371   -8.207   -8.800
   -5.416   -5.298   -5.393
   -6.588   -8.957   -6.676
   -8.666   -7.799   -8.497
    0.000    2.159   -1.799
   -6.500   -6.755   -7.247
    2.839    3.563    3.883
   -5.975   -1.757   -2.724
   -0.000    0.501    2.234
   -6.202   -6.490   -6.578
   -6.600   -5.295   -5.599
   -7.236   -6.704   -7.473
   -5.168   -5.418   -6.244
   -5.416   -4.959   -5.890
   -7.700   -7.287   -7.898
   -7.682   -6.677   -4.755
   -7.236   -6.588   -7.238
   -8.363   -6.535   -6.918
   -5.600   -5.695   -5.499
   -3.400   -4.807   -5.097
   -6.598   -6.309   -6.863
   -7.330   -5.932   -6.390
   11.370   12.074   10.149
   -6.296   -6.068   -7.121
   -8.269   -7.731   -8.033
   -2.364   -2.098   -2.875
    4.432    3.565    0.335
    4.371    5.574    0.625
    6.390    6.489    9.138
   13.098   13.366   10.816
    3.471    7.690    6.844
   10.931   11.297   10.582
    9.303   11.833   11.310
   -6.665   -6.341   -7.902
   -7.485   -7.383   -6.828
   -7.135   -6.626   -6.056
   -8.035   -5.484   -3.077
    7.750    5.463    4.133
   -5.914   -6.482   -6.302
  -10.725   -9.216   -8.200
    0.938    0.927    0.697
   -4.275   -4.987   -4.600
    7.300    6.696    5.860
    1.025   -0.723   -0.850
   -4.515   -3.592   -5.475
    7.199    7.142    4.531
   -4.307   -5.391   -3.724
   -4.500   -4.454   -4.620
   -5.250   -5.323   -5.615
   -1.754   -1.967   -3.172
   -6.556   -6.865   -5.185
   -5.638   -4.454   -4.620
   -5.950   -5.956   -6.848
   -4.750   -5.323   -5.615
   -1.754   -1.967   -3.172
   -5.207   -6.865   -5.185
    2.681    0.848    2.775
  -10.734  -10.453   -9.350
   -7.621   -6.651   -7.365
    4.677    2.460    2.162
   -4.903   -4.971   -2.920
    0.000    0.481   -0.717
   -4.114   -4.859   -3.894
   -6.303   -6.238   -5.943
   -6.588   -8.405   -7.277
   -4.980   -5.299   -7.159
   -8.175   -7.744   -9.118
   -8.568   -6.768   -8.733
   -4.137   -5.284   -6.728
   -8.666   -8.600   -9.032
  -10.337   -8.681   -9.173
   -9.750   -7.478   -7.919
   -6.495   -7.223   -5.749
   10.994   11.615   10.010
   -4.432   -4.285   -5.244
   -8.469   -8.534   -6.321
   -8.371   -8.620   -7.498
   -8.227   -9.242   -9.174
   -9.500  -11.267   -7.196
    1.471    2.872    3.860
    7.584    6.551    7.266
   -6.500   -6.378   -7.098
   -2.250   -4.377   -4.882
   10.954   11.168   15.719
    6.299    9.313    8.188
   -6.495   -7.365   -5.232
   12.028   11.944   11.861
  -12.800  -12.669  -13.700
   -5.132   -5.167   -6.031
   -7.330   -5.229   -6.894
   -2.893   -3.645   -4.296
   -5.899   -6.235   -7.094
   10.833   10.146   10.487
    3.600    3.716    3.207
    6.700    5.924    6.084
    5.721    5.067   -1.170
    6.492    4.750    6.728
    9.786    9.963   10.310
   -0.000   -5.737   -3.525
  -12.704  -11.417  -10.817
    7.737    8.970    9.234
   10.045   10.098    9.325
    1.962    1.347   -0.770
   -5.168   -5.115   -6.149
   -9.115   -8.199   -7.650
   -6.795   -7.991   -8.591
   -7.780   -8.081   -8.198
   -1.800   -0.227   -1.962
   -6.202   -5.558   -5.602
   -3.664   -2.767   -3.100
   -5.899   -4.581   -5.507
   -0.919    0.871    3.585
   -7.431   -8.105   -7.599
   -2.858   -4.140   -5.239
   -8.400   -8.251   -7.233
    1.750    2.580    3.462
   -5.056   -5.511   -6.778
   -8.660   -6.874   -6.599
    5.132    4.611    5.494
    1.750    2.580    3.462
   -9.039   -9.165   -8.013
    9.159   10.282    9.890
   -7.534   -8.131   -8.839
   -4.432   -3.724   -4.957
   -8.081   -7.581   -6.546
   -5.515   -5.664   -7.092
   10.144   10.369   10.178
    0.836    1.974   -0.415
   -0.445   -2.282   -1.293
    9.440    9.015    8.318
    0.781    0.185    1.007
    0.781    0.185    1.007
   10.833   11.579    9.712
   -8.666   -8.696   -7.879
   -0.000   -1.998   -0.552
    5.802    4.945    2.678
   -9.115   -8.137   -6.918
   -8.487   -8.688  -10.405
    4.500    6.570    7.572
   10.035   10.311   11.211
   -1.354   -0.992    2.098
   -9.115   -7.824   -8.264
    6.818    6.966    7.543
   11.370   11.318   10.872
    8.485    9.610    9.936
   -4.936   -5.747   -2.647
    4.435    4.435    5.338
   -1.945   -2.048   -0.999
   -2.443   -2.981   -2.508
   -6.668   -5.093   -6.838
   -4.366   -3.515   -4.439
   -3.300   -4.400   -5.003
   -1.337   -1.123   -2.151
   -0.000   -4.715   -6.202
  -10.243  -11.055   -9.332
   -4.041    0.878   -2.967
    0.643   -0.656    3.398
   -1.992    1.679    0.318
   -4.763   -6.336   -2.455
   15.900   17.000   15.498
   17.000   16.399   17.699
    3.724    4.302    4.937
    4.235    4.400    5.799
   -7.448   -8.057   -8.162
   -6.303   -5.905   -4.544
    1.992    3.146    6.668
    6.495    6.062    4.652
   -4.178   -3.056   -1.959
   -4.677   -4.843   -6.307
   10.243   11.571    9.521
   13.438   12.747   11.633
  -10.566   -6.772   -7.878
   12.298   13.216   14.099
   13.337   12.641   15.313
   -1.650   -2.843   -1.431
    4.903    6.137    6.629
   -6.668   -6.223   -6.634
   -9.115   -8.780   -6.475
    2.605    2.385    3.787
   -8.081   -6.321   -3.945
   -6.668   -5.524   -5.589
   -2.681   -4.327   -5.720
    4.692    5.128    5.533
   -3.535   -4.267   -6.048
   -6.500   -6.616   -6.215
    1.573   -0.231   -3.340
  -10.636  -10.245   -9.779
   -2.587    1.208    0.565
   -2.257   -0.982    2.596
   -6.669   -4.101    0.923
    0.000    2.720    2.055
   -6.108   -4.920   -6.017
   -8.700   -6.969   -8.012
    5.078    5.588    8.449
    6.842    6.672    7.649
   11.100   11.300   12.176
    6.700    7.382    7.131
   -5.318   -5.651   -3.914
   13.098   12.514   11.092
   -1.771   -1.881   -1.773
   -9.115   -9.040   -8.630
   -0.000   -0.577   -0.750
   -7.600   -6.707   -6.451
   -0.834   -0.719    0.757
   -5.014   -4.939   -4.507
   -8.666   -8.473   -8.699
   -8.999   -6.845   -4.326
    1.129    3.485    3.472
    2.828    3.703    3.704
   -5.219   -4.763   -4.850
    1.414    3.627    3.762
    4.979    6.683    6.254
   -8.269   -9.638   -8.877
   -2.605   -1.268   -4.000
   -5.074   -4.838   -5.270
   -7.448   -5.485   -5.309
   -6.700   -9.994   -8.122
    0.573   -3.064    0.152
   -7.142   -6.864   -5.871
   -4.757   -4.700   -5.407
   -9.750   -7.900   -7.500
   -5.716   -5.725   -7.605
   -9.303   -9.088   -7.638
   -8.666   -8.508   -7.899
   -5.721   -6.790   -6.439
   -9.750   -9.069   -7.784
   -5.802   -6.052   -6.379
   -6.500   -6.497   -6.791
   -1.150   -1.227   -3.401
    5.450    5.820    7.543
    9.266    9.902   10.223
   -1.762   -3.145   -3.892
   -3.447   -3.287   -2.535
   -2.255   -2.565   -3.288
   -8.800   -8.046   -6.355
    3.524    3.186    1.730
    1.197    1.249   -2.185
   -2.364   -1.702   -2.906
   -1.212    1.684   -0.050
   -1.839   -2.286   -2.524
   -9.303   -8.092   -8.100
   -9.303   -8.092   -8.100
  -10.537   -9.459  -10.787
    4.590    5.460    5.153
   -5.920   -6.284   -4.998
  -11.088  -10.722  -11.382
  -10.055  -10.417   -9.669
   11.200   10.895   10.726
    6.556    5.610    5.665
  -10.537   -9.960   -9.357
    6.390    8.275    7.500
   -1.950   -4.202   -3.720
   -4.500   -2.782   -3.643
   -1.372   -2.231   -3.122
  -10.479  -10.970  -10.406
   -8.400   -8.211   -9.765
  -11.258   -8.934   -7.955
   -6.928   -6.438   -6.984
   -7.199   -7.299   -6.560
   -5.975   -7.096   -6.842
   -3.471   -3.777   -2.246
   -2.161   -2.697   -3.236
   -2.605   -2.408   -1.753
   -7.700   -7.010   -6.581
   -3.897   -5.146   -5.744
   -5.528   -4.181   -2.489
    4.333    2.723    2.149
    3.200    1.869    2.397
   -4.041   -2.858   -3.807
    3.471    3.579    2.916
    1.163    2.843    2.228
   -0.821   -1.460   -2.612
   -4.178   -4.051   -1.880
   20.681   20.977   19.397
   21.863   19.096   17.190
   -8.269   -8.188   -8.730
   -8.568   -7.187   -6.031
   -6.500   -7.778   -8.283
   -9.900   -8.767   -7.638
   -7.682   -6.954   -6.945
   -8.574   -9.353   -9.891
   -5.899   -5.041   -5.783
   13.098   14.529   13.615
   15.599   16.539   16.899
   -7.500   -5.339   -5.647
   -2.223   -0.735   -1.527
   -2.605   -3.952   -4.993
   10.431    8.096    7.584
   -5.132   -4.879   -4.683
   -4.850   -5.058   -4.330
   -1.839   -0.451   -5.838
   -5.132   -4.526   -5.127
   -6.500   -6.449   -6.565
   -4.229   -4.037   -3.457
   -2.078   -1.941   -1.193
    9.346   14.526   14.284
   12.471   16.612   17.038
   -5.657   -6.019   -7.137
  -10.931  -10.982  -10.966
  -15.129  -15.004  -15.809
   -4.371   -4.097   -0.299
   -5.657   -7.846   -8.508
   -0.650   -2.457    3.441
    0.821    2.464    5.994
   -5.657   -7.846   -8.508
    0.000   -0.220    0.424
    0.851    0.876    0.672
   -2.531   -3.622   -4.463
   -8.645   -8.878   -8.556
   -7.048   -6.771   -6.923
   -5.318   -4.913   -6.289
  -11.900  -10.998  -11.644
   -9.115   -8.697  -10.259
    7.682    7.331    7.650
    8.503    7.841   10.854
    3.792    4.876    5.744
  -15.200  -13.876  -12.198
  -13.886  -13.400  -13.388
  -11.030  -12.249   -9.803
  -10.149  -10.282   -7.755
   -8.175   -9.276   -7.858
   -6.668   -6.758   -7.236
   -4.213   -6.156   -4.527
   -0.747   -0.771    2.015
   -0.000   -1.128   -0.180
    1.505    0.782    1.564
    3.300    3.261    3.415
   -1.493   -2.543   -0.700
   -8.081   -8.396   -8.852
   -0.000   -1.700    0.816
   -4.135   -6.282   -9.364
   -1.163   -1.105   -0.924
   -5.168   -3.997   -2.068
   -3.850   -4.114   -3.769
   -4.060   -3.553   -3.054
   -2.605    0.194    0.954
   -2.944   -2.437   -1.006
    4.307    4.539    4.769
   -7.621   -6.131   -8.023
   -4.903   -5.962   -5.299
  -13.787  -12.327  -12.129
   -7.048   -7.624   -7.522
   -7.448   -7.383   -6.182
   -4.137   -4.171   -3.423
   -9.266   -9.297   -8.989
   -0.000   -0.609   -1.694
   -6.500   -6.196   -7.280
   -7.583   -7.129   -7.061
   -5.318   -4.967   -7.159
   -7.621   -7.503   -8.583
   -7.236   -5.707   -7.256
  -13.156  -12.683  -12.336
   -5.716   -5.095   -4.571
   -4.290   -3.420   -1.843
    9.578   10.686   10.082
    5.262    6.599    5.320
   17.000   17.502   16.471
   15.954   16.435   14.359
   13.532   12.808   12.437
   12.404   13.591   14.044
   16.348   16.940   18.289
    5.014    4.691    5.235
   -3.289   -2.293   -3.335
    1.915    1.660    3.146
    3.195    2.302    2.836
    5.416    4.193    5.386
   15.599   16.587   18.156
   -8.175   -7.813   -8.431
   -9.021   -8.484   -8.167
   12.498   12.299   11.322
    9.613    8.269   12.506
   -3.477   -2.995   -3.437
   -9.397   -8.294   -7.712
   -7.485   -7.591   -6.540
   -7.091   -7.367   -8.560
   -6.296   -7.798    1.994
   -5.050   -7.393   -3.775
    3.644    6.393    5.630
  -11.818  -10.171   -9.176
  -11.182  -10.823  -10.885
   -9.115   -9.442  -10.138
   -8.700   -7.084   -6.865
   -5.889   -4.341   -5.339
   -3.850   -3.203   -4.685
   -1.543   -1.137   -3.898
   -8.568   -8.150   -8.450
    4.290    3.993    4.596
   -1.505   -1.678   -3.198
   -6.582   -6.723   -8.313
   -8.568   -6.944   -7.461
   -7.142   -7.597   -7.742
   -6.668   -5.442   -6.918
   -2.828   -5.151   -7.599
  -10.219   -8.670   -8.446
    1.163    0.184   -0.289
    0.938    4.452    2.376
    4.242    4.756    1.366
   -4.178   -0.634   -0.333
   -7.431   -6.868   -6.877
   -5.456   -7.200   -6.923
   -6.409   -6.876   -5.310
   -6.062   -5.571   -5.638
    8.050    7.730    6.803
   -9.039   -8.736   -8.539
  -14.772  -13.791  -11.991
   -3.150   -3.599   -2.148
   -1.839   -3.809   -2.333
    0.000    0.974    0.060
   -3.900   -1.484   -3.176
    8.485    9.139    6.924
   15.329   12.702   13.922
    4.300    5.303    6.572
   -4.242   -4.762   -5.243
   -8.574   -7.318   -8.254
  -10.337   -8.970   -9.084
   -7.600   -9.164   -8.923
  -12.122  -11.742  -11.983
    7.584    7.253    8.590
   10.035   10.571    8.835
    7.900    7.990    8.798
   13.098   10.100    9.534
   14.200   13.693   12.498
    8.503    8.395    8.100
    4.307    4.059    4.270
    2.250    3.278    2.525
    2.250    3.278    2.525
   -9.961   -8.716   -8.406
   -6.582   -7.998   -7.826
  -12.122  -12.874  -12.522
   -8.400   -8.839   -9.316
  -10.537   -9.871   -9.670
   -8.600   -8.971   -8.915
  -11.088  -11.607  -11.674
    1.762    1.352    0.086
   -3.250   -5.718   -3.561
   -7.431   -7.533   -7.148
   -8.273   -6.871   -7.240
   -6.665   -7.533   -7.148
   -2.326   -1.802   -3.910
   -8.574   -8.441   -7.766
   -5.657   -4.303   -4.881
   -4.307   -2.577   -3.014
   -3.300   -4.771   -5.048
   -1.839   -1.706   -0.973
   -1.573   -3.993   -3.861
   -5.515   -5.826   -6.547
   -4.371   -3.521   -3.778
  -10.725   -8.696   -8.466
    4.137    4.267    5.442
    2.121    2.273    1.308
  -14.772  -14.934  -14.792
   -3.283   -5.193   -5.700
   -5.350   -5.580   -6.803
   -9.039   -7.441   -7.093
   -6.204   -8.421   -6.939
  -19.105  -16.945  -14.657
    6.202    5.590    6.956
   -5.716   -4.656   -4.866
  -15.129  -14.464  -14.903
   -0.821   -1.397    0.042
   -4.530   -4.579   -5.589
   -5.515   -5.251   -5.719
   -5.600   -4.793   -5.175
   -5.262   -4.073   -6.242
   -3.195   -3.917   -4.796
   -6.755   -5.741   -5.695
   -6.202   -6.058   -5.886
   -4.432   -5.762   -6.537
   -0.799   -3.367   -4.733
    7.091    7.124    5.282
   10.954   11.426    9.377
    7.534    7.769    5.921
   11.491    9.109   10.618
   15.166   15.433   13.918
    0.000   -3.874   -5.063
   -1.539   -2.004   -1.386
   -6.668   -6.135   -5.366
   14.300   14.197   13.033
    6.296    8.352    8.375
   14.400   16.494   17.234
    4.366    3.953    2.851
   -9.700   -8.684   -9.700
  -10.636  -10.664  -11.440
  -11.621  -10.948  -10.923
    2.300    2.025    6.234
    9.750    9.495    9.574
    4.400    5.661    5.257
    3.044    3.563    7.818
    1.197    0.570    1.383
    8.487    8.794    7.747
    9.440    9.128    6.907
   -2.528   -3.229   -2.979
   -8.962   -9.242   -9.224
   -4.235   -4.149   -4.086
   -9.491  -10.142   -9.998
  -11.621  -12.458  -12.216
   -8.081   -7.268   -7.009
    5.657    4.951    5.692
   10.479    9.840    8.796
   -5.657   -5.665   -5.981
   -3.524   -4.400   -3.854
    1.007    0.327    0.463
    5.822    4.324    2.890
    1.402    2.838    2.572
    2.941    2.537    2.557
    0.000    1.515    2.247
    3.535    5.162    4.382
   -4.412   -6.095   -5.039
   -5.350   -4.319   -4.306
   -3.660   -5.464   -5.193
   -5.850   -6.681   -6.280
   -1.197   -4.151   -2.718
   -6.108   -5.740   -6.700
  -12.333  -12.153   -8.814
    9.266    7.684    7.873
   -3.811   -4.086   -4.039
   -8.927  -10.194  -10.597
   -6.400   -6.500   -5.970
   -8.935   -6.347   -6.871
   -4.754   -4.248   -4.709
    4.000    4.916    5.477
   -8.269   -5.411   -6.779
   -5.721   -2.484   -6.294
   -6.401   -5.493   -5.598
   -7.485   -6.670   -5.811
   -5.899   -5.290   -5.602
   -5.802   -5.127   -4.788
   -4.333   -4.490   -5.007
  -14.772  -12.333  -12.452
   -4.229   -4.021   -3.264
   -6.598   -6.124   -5.589
   -5.802   -5.366   -4.501
   -2.893   -2.880   -2.716
   -6.500   -6.851   -7.474
   -5.515   -4.527   -4.926
   -5.262   -5.781   -7.033
   -0.000   -0.649   -2.376
   -0.000   -0.649   -2.376
  -11.800  -11.264  -12.040
    3.400    4.560    3.944
  -11.900  -11.811  -12.148
    7.649    6.039    6.943
    3.557    3.114    6.561
    5.745    5.406    6.923
   -8.962   -8.297   -8.589
   -5.500   -4.856   -3.286
   -1.539   -2.545   -0.985
   -4.550   -3.971   -3.361
   -4.628   -5.358   -5.378
   -8.469   -8.535   -9.431
   -5.629   -4.783   -4.242
   -4.150   -3.800   -4.237
   -4.138   -3.654   -4.373
   -6.401   -6.690   -4.235
   -3.420   -4.962   -3.238
   -5.543   -7.566   -4.118
    6.171    5.405    2.941
   -1.126   -1.979   -1.636
    4.350    3.646    2.470
   -5.629   -4.374   -3.682
    4.300    3.704    0.265
  -15.855  -14.793  -15.906
   -2.622   -5.898   -5.247
   -8.273   -7.094   -6.605
  -10.636   -8.640   -6.651
   -7.236   -6.158   -7.772
   -4.677   -4.493   -4.985
   -6.588   -9.080   -4.196
   -3.100   -0.745    0.134
    5.056    6.583    4.324
    0.000   -1.271    1.265
   -8.666   -8.099   -8.400
   -6.600   -5.041   -5.052
   -8.666   -7.776   -6.780
   -3.400   -3.793   -4.750
   -7.142   -5.708   -6.801
   -3.447   -2.238   -2.576
   -4.229   -2.486   -3.357
   -6.500   -6.275   -7.294
   -8.666   -7.678   -8.236
   -2.078   -1.670   -2.864
   -4.432   -4.250   -5.010
   -5.262   -4.675   -5.599
  -10.878   -8.851   -7.071
   -8.962   -8.901   -7.264
   -6.668   -6.980   -7.685
   -4.400   -4.210   -4.878
   -3.250   -4.222   -2.426
   -2.501   -3.777   -2.125
    1.736    0.261    4.101
   -6.500   -4.595   -3.429
   -0.000   -1.044   -2.210
   -5.000   -4.176   -3.082
   -5.399   -4.297   -3.834
   -5.416   -4.800   -4.820
   -1.563   -1.890   -2.543
    4.307    2.816    3.071
   -8.800   -8.494   -8.496
   -1.337   -1.696   -2.551
    0.955   -0.049   -1.662
   -1.129   -1.167   -1.371
   -4.250   -5.128   -3.424
   -5.515   -5.297   -4.696
   -9.959   -8.621   -8.551
   -9.651   -8.611   -7.109
    8.426    7.244    8.079
   -7.621   -5.902   -7.301
   -7.583   -6.397   -7.424
   -4.979   -4.331   -6.566
   -7.583   -6.987   -7.600
   -7.584   -6.930   -5.845
   -4.412   -5.328   -4.442
    0.000   -1.967   -2.806
    0.650   -0.687   -0.979
   -2.240   -4.510   -4.099
   -1.476   -2.055   -1.481
   -1.847   -2.170   -2.257
   -2.121   -2.936    0.462
   -6.235   -6.223   -5.982
    2.155    2.111    4.461
    2.770    2.160    2.498
   14.181   15.063   14.296
   -6.755   -5.887   -5.156
   13.196   15.499   14.732
   -4.412   -6.787   -6.343
    4.590    5.776    4.596
    5.900    4.770    4.864
   -1.667   -2.496   -1.853
    1.573    0.770   -2.826
   -2.250   -3.214   -6.198
   -4.307   -3.259   -4.023
    7.780   -4.308   -4.929
   -3.447   -7.731   -5.321
    5.262    3.698    0.768
    2.681    2.946   -1.434
    7.135    3.868    2.356
   -0.000    0.093   -2.061
   -1.424   -0.536   -0.149
   -2.394   -3.626   -2.270
   -9.021  -10.108  -10.376
   -7.150   -6.305   -7.964
   -8.469   -8.504   -8.597
   -8.175   -8.290  -10.179
   -4.229   -3.788   -3.851
    3.750    3.303   -1.062
   -4.213   -3.934   -3.531
   -1.915   -0.618   -1.738
    1.847    1.547   -0.704
   -6.878   -6.972   -7.297
   -7.448   -7.227   -8.391
   -7.585   -8.979   -7.825
  -11.085  -11.054   -8.395
   -6.741   -6.019   -6.993
   -8.666   -8.832   -7.311
    0.000   -1.429   -2.798
   -4.290   -5.421   -4.388
   -8.400   -9.182   -8.437
   -0.556    0.154    0.322
   -6.500   -6.600   -7.400
   -6.171   -7.937   -8.705
   -4.885   -3.371   -4.179
   -2.463   -2.126   -0.481
    2.292    2.663   -1.375
   -3.447   -3.651   -1.933
   -1.700   -1.207   -2.203
    2.428    0.829    1.106
   -4.500   -3.170   -3.392
   -1.197   -1.957   -2.864
    9.526    9.740   11.311
   -6.668   -6.442   -6.494
   -9.700   -9.810  -10.090
   -3.750   -3.523   -3.061
   -9.800   -9.064  -11.689
   -2.681    3.495    2.715
   -4.511   -3.800   -3.220
   -7.048   -6.582   -6.269
   -0.000    0.692   -0.035
    6.484    7.054    7.222
   -2.950   -3.843   -4.702
   -3.950   -4.939   -3.673
   -3.900   -1.669   -3.699
   -4.530   -4.424   -5.755
   -2.314   -1.898   -2.523
   -5.056   -3.833   -4.080
   -3.350   -1.778   -1.895
    0.573   -2.319   -2.081
   -2.121   -2.194   -4.847
   -7.583   -6.686   -6.287
    2.941    1.645    0.642
   -7.485   -5.972   -2.585
   -8.175   -8.730   -5.510
    9.397    8.358    7.943
    7.737    8.735    9.795
   -5.350    0.019   -0.703
   -5.900   -4.099   -3.695
  -21.600  -20.797  -16.524
  -20.391  -16.747  -17.029
   -4.036   -6.176   -5.888
   -8.273   -7.213   -7.083
  -12.216  -10.688   -8.046
   -7.485   -6.988   -7.383
   13.563   11.081   14.137
    9.899   11.236    8.477
    8.747    8.650    8.269
   -6.665   -6.782   -5.980
   -4.290   -2.932   -3.488
   16.633   18.249   19.429
   11.377    8.612    7.206
  -11.522  -11.757  -11.600
   -5.283   -5.283   -6.395
  -21.272  -20.391  -17.398
  -12.038   -8.762  -11.535
   -7.275   -7.730   -7.237
   -1.146   -0.980   -3.123
   -0.990    0.911   -3.771
   -0.417   -0.099   -1.644
    0.996    1.646   -0.806
   -6.578   -6.156   -5.818
   -2.161   -3.380   -5.434
   -2.800   -3.288   -3.994
   -4.949   -5.282   -6.226
   -4.500   -3.682   -4.551
   -3.447   -3.213   -4.499
  -10.636   -9.482  -10.121
   -4.629   -5.284   -3.493
    6.697    6.479    6.658
    4.366    5.356    4.884
   -1.302   -2.893   -1.644
   -0.000   -0.659   -3.149
    1.216    1.228    0.395
   -7.448   -8.331   -9.034
    1.471    2.492    4.387
    6.364    5.076    3.409
   -9.000   -9.014   -8.880
  -11.900  -11.399   -8.078
   -2.900   -4.361   -4.221
   -3.447   -3.999   -3.379
   -3.664   -3.044   -3.568
   -1.927   -1.702   -2.721
   -4.371   -3.870   -3.074
   -4.050   -5.269   -4.620
   -4.242   -5.094   -4.945
   -4.333   -5.056   -4.174
  -12.333  -12.161  -11.729
    0.000    0.472    1.175
   -1.858   -1.112   -0.595
  -16.163  -17.213  -17.294
   -8.100  -10.199   -6.785
  -11.120  -10.255   -7.887
   -9.642   -8.374   -8.597
   -7.550   -7.597   -5.024
   -3.283   -1.235   -5.293
  -17.196  -16.549  -17.528
  -10.349   -9.970   -8.960
   -6.600   -5.298   -7.000
   -7.236   -6.725   -6.765
    3.660    6.312    7.312
   -2.200   -1.214   -2.874
   -1.598   -0.615   -1.072
   -6.500   -5.543   -6.165
   -2.250   -1.298   -1.252
   -7.236   -6.383   -4.906
   -6.598   -6.450   -5.488
   -6.500   -5.482   -5.942
   -5.802   -5.182   -5.368
   -4.242   -4.989   -5.799
    7.048    6.376    7.158
   -2.483   -1.661   -1.851
   -2.796   -2.382   -1.584
   -3.044   -3.830   -5.358
   -3.500   -2.574   -2.680
   -2.364   -2.962   -3.092
   -6.741   -6.667   -6.011
   -3.289   -2.217   -2.400
   -2.400   -1.913   -1.800
   -3.897   -3.187   -3.974
   -3.897   -3.420   -4.504
   -3.289   -1.502   -1.920
   17.800   17.782   20.296
   15.329   16.788   19.624
   -7.071   -8.029   -7.762
   -4.432   -4.163   -4.933
  -10.636   -9.241   -9.485
   -8.400   -7.903   -7.776
   -0.764   -1.191    1.800
   -9.021   -8.789   -8.891
    9.159    9.084    6.686
   -5.056   -1.106    2.090
   -7.071   -6.515   -8.321
   -7.621   -7.856   -7.267
  -10.878   -9.190   -7.435
   -3.447   -3.372   -2.152
   -2.681   -1.389   -2.388
   -1.927   -2.282   -0.315
   -2.950   -2.405   -0.975
   -4.333   -3.778   -4.038
    1.927    2.137    3.153
   -0.000    0.910   -2.681
    1.754    0.183    1.267
   -2.834   -1.618   -2.811
   -4.500   -4.413   -4.970
   -0.000    0.704   -1.354
    3.524    2.517    2.393
   -1.129   -1.214   -1.036
   -0.573   -1.797   -3.908
   -0.000   -1.220   -3.533
   -4.333   -3.979   -5.043
   -5.889   -4.999   -2.086
  -14.095  -12.686   -8.008
    6.878    5.431    4.539
   -2.796   -4.090   -1.830
   -5.165   -3.484   -2.268
    7.354    8.362   10.199
   -4.412   -7.458   -7.086
    3.078    1.422    3.405
    2.223    1.683    4.510
    2.049    2.121    5.186
   -6.500   -5.661   -6.360
   -5.802   -5.008   -4.477
   -3.850   -4.034   -3.114
   -4.242   -5.085   -4.889
   -7.583   -6.976   -7.079
   -6.600   -5.176   -5.640
   15.265   15.704   13.694
    8.300   11.842   10.317
  -14.871  -14.626  -14.519
    7.585    8.060    8.819
   -0.955   -2.329   -1.825
   10.931   11.089   11.300
    7.330    8.467    8.355
   -2.078   -2.207   -3.273
   -2.957   -2.421   -1.672
   -2.078   -0.201   -2.499
   -1.839    0.513    0.072
    4.936    4.189    4.165
    7.200   10.890    9.706
   -4.242   -6.156   -6.174
   -5.716   -5.241   -4.915
   -0.000    1.081    3.208
    1.684    5.234    4.001
   -4.333   -4.284   -5.305
   -6.598   -5.597   -5.903
   -3.535   -3.265   -4.830
   -6.598   -6.188   -7.181
   -4.333   -4.284   -5.305
   -5.515   -5.397   -6.489
    5.543    5.754    5.866
   -5.822   -4.889   -5.286
   -9.700   -9.666  -10.002
    0.000   -1.496   -0.195
   -6.401   -5.645   -7.754
   -0.000   -1.826   -0.365
   -5.975   -6.015   -3.607
   -0.000    0.415    1.809
   -0.000    1.744    0.386
    2.326    0.919    0.914
    1.372    2.117    0.513
    6.171    5.840    7.251
    2.941    2.974    0.127
    2.050    2.298    3.302
    2.987   -0.990    0.837
   -4.235   -3.247   -1.319
    8.371    8.839    5.931
    3.471    3.407    4.010
    7.448    8.560    7.311
    6.500    7.979    6.999
    6.108    7.498    7.879
    6.588    6.383    6.905
   14.871   14.525   11.076
    9.116    8.057    6.860
   -4.242   -3.279   -3.784
    6.588    6.455    6.174
    0.000    1.249    4.177
    3.750    3.305    4.685
    4.300    4.802    6.746
    5.056    6.188    4.937
    2.599    1.768   -0.787
    4.036    5.214    6.402
   -5.416   -5.958   -6.815
   -4.333   -2.952   -4.627
   -3.850   -4.792   -5.075
   -1.126    0.460    2.490
    6.202    7.398    6.168
   -7.485   -6.885   -7.434
    7.585    7.970    9.942
    7.649    8.612    9.407
    1.545    0.705    0.798
    2.101    3.567    3.592
    0.000    0.404    2.562
    7.649    8.400    9.229
    8.580    9.451   10.762
    1.927    3.393    4.863
    7.842   11.624   10.551
   -1.300   -4.170   -4.445
   -3.289   -3.764   -5.771
   -7.682   -6.466   -7.124
    9.491   12.400    9.545
    3.318    1.759    2.250
   -3.750   -2.445   -2.989
   15.068   15.020   13.544
   -7.534   -4.897   -4.808
   12.216   14.837   16.057
   -3.831   -4.740   -3.900
    5.207    3.651    3.793
    5.023    5.686    5.916
   -2.150   -1.561   -1.642
    9.063   13.172   11.750
   -1.719   -1.516   -0.716
   12.901   12.793   12.332
    9.750    9.292    9.903
    6.000    5.479    4.881
   -5.209   -3.536   -3.667
   -4.450   -1.420   -0.814
   -0.955    2.409   -0.760
   -2.257   -2.596   -4.094
   -6.500   -5.228   -5.746
   -6.600   -6.683   -5.128
   -1.915   -2.086   -3.275
   -2.223   -1.982   -0.185
   -2.528   -3.401   -2.945
   -4.979   -4.932   -3.331
   -0.919   -1.535   -0.138
    0.000   -2.393   -2.428
   -2.223   -2.372   -2.098
   -4.378   -3.014   -1.388
   -2.431   -2.550   -1.754
    3.762    0.810    3.067
    7.124    6.435    6.904
   -4.412   -3.384   -1.361
    8.175    8.839    7.710
   -6.400   -5.035   -2.804
    8.660    8.767    7.065
   -1.200   -0.028   -0.021
   10.431   10.640    9.381
   -4.763   -3.859   -5.284
   -7.236   -7.765   -7.866
   -3.348   -3.886   -4.663
   -4.949   -5.145   -6.638
    7.448    6.953   10.081
   -8.600   -8.794   -9.665
   -2.223   -3.030   -3.485
   11.313   12.486   12.650
   12.640   12.111   10.574
    2.941    5.181    8.954
   11.172    9.711   10.507
   -0.226   -0.281   -4.099
   -4.500   -1.908   -6.300
   -0.590   -2.723   -0.808
   -4.936   -4.900   -6.134
   -2.018   -2.655   -2.079
    1.910    1.353    4.017
    4.450    3.131    1.981
   -3.728   -3.131   -3.811
    2.250    2.697    2.651
   -3.800   -4.024   -4.645
    2.668    1.498    1.813
   -3.350   -5.399   -3.868
    3.811    3.645    1.323
   -4.178   -6.492   -5.191
   -4.050   -7.494   -6.780
   -4.366   -3.461   -3.638
   -5.716   -5.243   -4.981
   -3.350   -2.121   -3.399
   -6.741   -5.062   -5.206
   -3.535   -1.542   -1.567
   -8.700   -7.476   -6.856
   -0.799   -0.112   -0.151
   -3.350   -1.077   -2.919
  -13.177   -9.274   -7.515
    6.435    6.404    7.133
    0.000   -0.020   -3.111
    2.565    2.802    2.998
   -3.195   -8.960   -6.563
   -5.917   -7.704   -5.166
   -5.917   -7.953   -6.187
  -10.413   -9.986   -7.626
    3.500    5.537    5.431
    0.972    1.097   -0.505
    7.713    6.186    4.566
    2.941    1.642    2.591
   -5.356   -5.562   -3.206
   -1.915   -1.202   -0.899
    1.539    0.384    0.136
   -2.364   -2.233   -1.829
    6.364    4.032    4.854
    1.915    2.594    1.669
   -1.337   -0.674   -1.694
    1.915    2.171    1.565
   -2.292   -1.039   -1.111
   -0.000    0.996    1.323
    2.850    2.901    2.909
    3.500    3.800    1.826
   12.298   11.886   10.235
    4.850    5.776    5.600
    8.962    9.278    9.032
   10.931   12.118   11.679
   -5.716   -5.917   -5.648
   -2.250   -3.492   -3.543
   -3.897   -3.005   -3.654
   -4.323   -3.791   -3.902
   -4.432   -4.208   -3.285
   12.200   11.118   11.487
    1.950    7.602    7.601
    5.286   10.223    9.048
   -2.944   -3.980   -4.621
   -4.850   -4.299   -4.692
    2.223    1.771   -0.584
   -7.485   -6.871   -7.176
   -4.677   -4.003   -5.001
   13.250   11.533   13.011
   -2.255    2.435   -0.515
   13.984   13.955    8.993
   16.195   13.133   14.370
   -4.366   -4.750   -5.374
    2.185    3.772    3.964
    1.806    0.844   -0.274
   -5.613   -5.597   -5.936
   -4.700   -4.398   -4.495
    8.656    7.464    7.034
    8.678    9.376    8.231
   -4.178   -5.184   -4.738
   -6.700   -5.697   -6.034
   13.423   12.475   11.821
   12.731    9.498    8.289
    2.250    2.364    1.962
    3.600    3.608    3.426
   -2.161    2.457    0.163
    1.841    2.362    3.086
    0.000   -1.349   -1.445
   -1.973    1.100   -2.677
    0.000   -5.405   -4.608
   -1.094   -1.228   -0.602
    0.000   -0.452    1.589
  -11.258  -10.629  -10.873
   -4.400   -4.332   -5.290
   -5.721   -5.917   -7.402
   -5.056   -4.194   -4.937
    0.000   -1.018    1.507
    1.684    2.139    3.310
   -5.515   -4.856   -3.295
   -3.250   -4.711   -5.072
    1.129    0.982    1.428
   -3.811   -4.740   -4.968
    0.000   -2.323    0.798
    2.189    2.831    4.316
   -4.980   -5.577   -2.362
   -3.283   -3.747   -2.703
    3.150    3.654    6.191
   -2.364   -1.241   -2.264
   11.031    8.201    2.863
   -2.185   -0.756   -3.676
    1.915    1.173    0.427
   -2.185   -1.800   -2.661
    8.426    6.414    6.977
    2.681    3.104    4.203
   -4.242   -4.507   -5.536
   -2.257    0.765   -0.944
   -1.200   -0.500   -2.304
    2.250    1.355    0.697
   -1.543   -0.150    0.038
   -2.250   -3.676   -4.018
    1.300    2.427    2.350
   -7.485   -6.299   -7.009
    7.737    7.271    6.477
    9.786    9.122    7.961
   -3.447   -3.444   -3.564
   -5.822   -6.300   -7.221
   -0.243    1.041    1.033
   -9.679   -8.846   -9.361
   -4.060   -2.665   -3.194
  -10.306   -9.796   -8.387
   -3.524   -1.656   -0.834
   -0.000    1.278    0.465
    3.371    2.616    1.754
   -3.447   -3.597   -2.782
    2.078    3.054    3.952
    0.410   -0.016   -2.217
    0.000    2.189    2.367
    7.500    3.496    4.766
    4.821    3.518    2.157
   -0.000    0.607    0.671
    6.635    6.952    5.734
    1.539    1.513    1.847
  -13.787  -10.588  -11.198
  -14.030  -14.075  -12.208
   -0.799   -0.980   -0.719
   -8.666   -7.035   -7.817
   -5.716   -5.443   -6.140
    0.855    2.357    2.019
    3.195    3.056    2.282
   -4.229   -3.796   -4.665
  -10.931   -8.257   -8.816
   -4.229   -3.921   -4.653
   -5.500   -5.400   -6.044
   -6.202   -4.583   -5.195
   -2.250   -1.849   -3.531
   -5.056   -4.223   -4.165
   -4.763   -4.751   -5.107
   -5.056   -4.223   -4.165
   -6.296   -4.244   -6.370
   -3.664   -0.733   -3.683
   -2.255   -1.570   -2.099
   -1.200   -1.496   -2.190
   -2.310   -1.084   -1.868
    2.501   -4.019   -1.677
   -6.202   -6.604   -7.789
    9.848   10.425    8.720
    6.364    8.264    6.318
   -3.294   -3.343   -2.452
   -7.485   -8.097   -9.141
    8.666    8.595    9.783
    4.070    3.739    3.674
    0.000    0.995    2.408
   10.392    9.961    7.271
   11.000    9.898    8.713
    1.642    1.917    1.734
    0.000    0.039    1.522
    3.350    2.353    1.265
   -2.185   -2.606   -3.594
   -1.146   -0.127    0.391
   -1.094   -1.657   -1.670
   -1.543    2.568    0.816
    2.292    0.541   -1.527
   -2.957   -2.842   -3.325
   -4.949   -3.091   -5.512
    1.915    0.541   -1.527
    7.142    8.930    8.280
   -1.126    0.533    0.596
    4.114    5.129    5.344
    8.292    9.471   10.352
    6.942   11.206   12.288
   11.172   10.659   11.235
    0.000    0.907    1.941
    1.285    1.002    0.913
   -8.269   -8.258   -8.067
   -7.600   -6.500   -6.141
   -4.949   -5.260   -5.452
    1.222    2.297    2.324
    1.700    1.968    0.989
   11.182   10.948   11.710
   11.621   11.710   12.144
   12.803   11.506   10.958
    2.185    3.340    4.502
   -0.000   -1.562   -0.288
   -1.573   -3.477   -2.367
    3.195    3.100    3.084
   -3.181   -2.981   -3.023
    3.850    1.530    1.881
   -0.787   -0.550    4.109
    1.539    3.688   -0.130
    2.250    1.442   -1.747
    0.417    1.181   -1.096
   -7.236   -6.591   -7.518
   -2.565   -0.975    0.040
    3.694    2.041    6.187
   -5.657   -3.349   -2.939
   -9.800   -8.474   -8.700
   12.803   10.880   11.254
   -6.495   -6.528   -6.346
   -8.120   -5.906   -3.305
   -9.578   -8.033   -7.186
   -2.605    3.607   -3.272
   12.298   11.264   11.381
   -3.348   -3.678   -5.158
   10.392    8.447    7.202
    6.755    6.750    6.172
   -6.202   -5.119   -5.602
   -0.479   -0.958   -1.088
   -3.984   -2.522   -3.901
   -4.949   -4.035   -5.456
   -3.350   -2.166   -3.139
   -0.590   -1.829   -0.439
    5.262    4.700    2.652
    2.121    2.122    1.479
    4.242    5.803    4.854
    7.600    7.900    5.899
   11.182   11.674   11.276
    9.353    9.271   10.032
    3.600    4.048    3.070
    9.750    6.947    8.061
   -6.668   -5.639   -6.579
   -2.255   -0.338    4.520
   -1.163   -1.601   -1.576
    3.600    4.048    3.070
    3.447    4.797    2.225
   -2.155   -0.953    1.429
   -8.175   -8.736   -8.413
    7.600    7.869    6.198
   -1.094   -0.582    1.911
   -1.702   -3.174   -3.362
   -3.289   -2.486   -1.492
   -6.500   -4.653   -4.779
   -1.543   -0.864   -0.023
   -4.763   -1.836   -4.399
   -2.770    0.195    0.404
    0.821    0.477    0.787
    2.800    2.423    4.101
    2.300   -3.636   -0.861
    2.681    2.281    1.326
    1.563    1.898    0.255
   -6.500   -6.487   -6.750
   -6.500   -6.487   -6.750
   -6.700   -5.764   -7.067
   -2.250   -0.302   -3.216
   -3.897   -3.031   -5.337
   -1.200   -1.556   -2.898
   -0.417   -1.693   -1.508
   -3.897   -3.604   -3.597
   -4.763   -3.928   -4.494
   -1.129   -1.573    0.308
    7.700    7.328    9.348
   -6.495   -7.172   -7.433
    2.605    0.910    1.254
    9.700    9.966   10.286
    6.741    7.073    6.333
   -4.400   -3.459   -3.347
  -11.522  -11.849   -9.445
   -3.535   -4.664   -5.387
  -14.116  -12.328  -10.167
   -4.629   -3.947   -3.384
   -5.132   -5.051   -4.526
   -4.290   -5.128   -5.605
   -5.356   -4.698   -5.162
   -3.535   -3.220   -3.808
   -2.668   -1.379   -2.266
    0.771    0.913   -0.653
   -2.200   -1.205   -1.446
    2.599    2.913    2.035
    4.333    4.726    3.917
   -4.650   -3.241   -3.021
   -4.700   -4.423   -3.513
   -2.057   -2.413   -1.539
    3.294    3.250    3.956
    6.500    6.122    1.394
   -8.081   -8.899   -9.995
    8.081    7.420    6.366
    6.202    5.533    4.761
    0.843    5.394    0.577
    1.927    3.333    5.340
    0.625    0.875    4.469
   -4.100   -3.607   -4.261
   -2.873   -4.033   -3.710
   -4.949   -4.105   -4.766
   -6.202   -5.809   -6.355
   -6.202   -5.487   -6.196
   -4.333   -4.784   -6.490
   -1.181   -0.560   -0.113
    6.650   10.425   10.100
   -2.501   -4.674   -2.439
   -0.972   -1.104   -3.939
   -2.650   -1.894   -1.551
   -1.667    0.000    1.503
    4.432   -4.090    0.835
  -14.189  -15.083  -13.591
    1.197    0.511    2.475
   -3.348   -0.642   -0.888
    1.222    1.892   -1.560
   -5.209   -4.830   -4.099
   -1.478   -1.434   -1.904
   -0.226   -0.203   -1.278
    0.836    1.533   -3.187
   10.188    9.229    8.950
   -4.850   -4.352   -5.593
   -4.628   -5.251   -3.877
   -3.010   -4.328   -5.227
   -0.226    2.666    3.300
   -6.500   -6.056   -7.410
    5.600    4.375    4.007
    1.126    2.224    2.262
   -3.447   -3.170   -3.398
  -10.800  -11.396  -11.234
   -2.700   -3.712   -2.234
   -1.915   -0.393    3.400
    2.185    0.401    1.369
    6.598    7.098    5.307
   12.900   12.723   12.463
   13.100   13.327   11.636
   -0.000    0.008   -2.606
   -6.500   -6.420   -6.397
    0.000   -0.651   -1.646
   -5.369   -5.510   -4.652
    1.320    4.046    0.908
   -2.681   -2.219   -2.379
    0.000    1.988    1.557
   -6.296   -6.418   -5.136
   -0.799   -2.719   -2.380
   -6.450   -7.992   -6.487
   -0.764   -1.367   -0.733
    0.000    0.108    2.050
   -7.583   -9.093   -9.022
   -5.400   -5.100   -0.190
   -4.070   -4.831   -1.865
  -11.120   -7.672   -6.766
   -6.950   -5.825   -3.346
    0.000   -0.469    0.616
   -6.700   -6.155   -6.754
  -11.719  -11.534  -10.629
   -4.378   -3.388   -0.399
   -7.236   -6.415   -6.797
   -4.949   -6.330   -6.586
   -6.500   -4.893   -6.685
    1.111    2.786    3.500
   -3.811   -4.136   -3.901
   -4.850   -3.975   -4.116
   -6.668   -5.949   -5.754
   -2.292   -2.189   -1.953
   -4.763   -4.320   -5.272
    7.708    5.697    4.376
   -7.584   -6.516   -7.083
   -8.656   -7.172   -7.533
   -6.621   -6.739   -6.846
   -6.042   -6.132   -4.645
   -5.014   -5.620   -5.644
   -1.126    0.155   -0.458
   -7.700   -7.146   -7.655
   -0.996    0.015   -1.159
   -0.608   -0.231   -2.906
   -0.000   -0.022    2.894
    5.550    7.934    7.681
   -3.289   -2.568   -4.101
    2.364    1.300    0.926
    4.629    0.811   -1.532
   -7.485   -7.432   -7.944
    0.000   -1.331   -1.549
   -2.078   -3.494   -5.576
    2.828    3.650    4.893
   11.916   13.768   12.800
   13.984   14.797   12.697
   -7.431   -5.687   -7.043
   13.250   14.198   12.910
   -6.894   -7.565   -5.671
   -4.850   -4.233   -4.674
    9.440    9.997    9.341
    2.121    2.234    2.927
    2.800    3.133    2.053
   -3.897   -3.291   -3.585
   -1.280   -1.564   -0.654
    4.677    4.528    3.258
    8.363    7.760    8.315
    0.000    1.465    2.400
   -3.447   -3.327   -2.281
    3.800    5.772    5.605
    0.226    0.454    0.045
    7.431    7.869    5.259
   -5.168   -5.651   -6.089
   -9.651   -8.654   -9.050
   -7.485   -6.959   -6.988
   -4.754   -4.407   -3.505
   -2.066   -3.924   -2.804
   -3.118   -4.251   -3.435
   -5.300   -2.993    0.463
   -4.979   -5.366   -4.797
   -1.268    1.205   -0.486
    0.445    2.474    1.505
   -1.847   -1.719   -1.556
   -7.236   -6.812   -7.138
    7.584    4.131    6.731
   -7.236   -6.797   -7.114
   -7.236   -6.405   -6.662
   -7.424   -6.190   -5.545
    5.550    8.230    8.004
  -14.000  -13.488  -13.205
   -6.942   -9.288  -12.894
   -4.400   -3.785   -5.204
   11.464   11.898   10.860
    7.135    7.672    8.039
    4.290    3.243    3.780
    1.197    2.310    4.298
    5.301    9.336    8.828
    6.428    8.534    7.626
  -12.015  -11.994  -11.960
  -13.156  -11.798  -13.202
   -7.583   -6.300   -6.805
   -8.269   -6.961   -7.764
   -4.242   -3.866   -6.135
    4.229    3.493    2.551
    4.826    6.086    5.173
   10.833    8.725    8.524
   -3.984   -2.686   -5.108
   -9.209   -7.715   -7.496
   -7.600   -6.233   -7.991
   -2.800   -3.856   -6.231
    2.000    4.926    8.108
    8.999   10.128    8.877
    3.283    4.967    8.126
   -2.944   -3.000   -3.439
   -3.383   -1.797   -2.958
   -2.944   -3.098   -3.362
   -9.115   -9.031   -8.475
   -2.150   -1.250   -0.203
    8.350    7.845    7.489
   -0.729   -0.901   -0.879
   -2.292   -2.313   -0.500
    3.447    2.137    2.477
   -2.049   -3.371   -1.615
    6.235    6.918    5.729
   -0.000   -1.194   -2.920
    1.762    2.282    0.053
    4.850    5.952    2.458
   -8.666   -7.609   -5.739
    8.999    8.017    7.743
   -3.195   -5.443   -5.222
   -3.004   -4.239   -1.966
    2.240   -0.114    2.081
    0.000    0.222    3.845
   -8.356   -5.968   -6.753
   -8.273   -8.620   -5.814
   -4.949   -4.762   -4.887
   -5.515   -4.339   -3.954
   -3.984   -3.948   -2.390
   -2.049   -1.769    0.769
   -1.493   -1.545   -0.864
   -2.240   -3.535   -2.803
  -15.223  -14.328  -13.298
    2.049    0.106    2.387
    0.000    0.928    4.878
    0.000    1.759    3.132
    0.000   -0.183    1.187
   -3.664   -3.643   -4.221
   -9.750   -9.024   -9.016
   -9.651   -8.311   -8.736
   -7.583   -8.600   -6.718
   -5.716   -6.343   -6.752
  -15.129  -14.040  -14.038
   -7.534   -7.076   -7.859
  -12.384  -10.272   -9.757
    9.256    5.830    6.264
    9.422    8.029    6.361
    2.161    3.082    2.623
    4.590    5.777    3.237
   -3.664   -3.995   -4.140
   -0.000    5.594    3.299
    3.350    6.102    6.526
    5.450    3.862   -3.598
    6.894    5.713   -0.318
    4.950    6.656    6.497
   -6.500   -6.572   -7.475
   -4.137   -4.026   -3.863
   -9.303   -8.667   -6.369
    5.078    7.200    7.931
   11.464   11.047    9.280
    8.568    5.709    7.487
    1.354    0.455    0.827
   -8.120   -6.571   -7.613
   -5.300   -5.064   -4.892
    1.025    0.222    0.592
    4.366    3.091    6.334
    1.042    1.049    2.970
   -0.625   -1.833   -0.838
    4.290    4.081    4.445
   -2.326   -1.206   -3.676
    1.354    0.229   -1.476
   -3.300   -3.382   -5.067
    1.915    2.225    1.654
   -1.505   -1.057   -2.226
   -5.716   -5.400   -6.628
   -2.893   -3.528   -2.743
   -4.754   -5.068   -5.523
   -3.447   -3.665   -1.931
   -3.447   -4.978   -2.504
   -6.293   -7.211   -4.714
    0.000   -2.679   -0.029
   -0.087   -2.808   -0.702
    4.800    6.555    9.039
  -13.164  -11.500  -10.074
   -5.130   -3.953   -4.855
  -13.156  -12.324  -13.304
    6.450    8.984   10.684
    6.650    5.780    3.894
   -4.500   -3.274   -4.169
    1.881    2.723    3.693
   -3.664   -2.668   -1.906
  -13.077  -11.987  -13.147
   -4.949   -5.327   -6.908
    3.984    4.139    2.761
   -7.330   -6.403   -7.558
    0.650   -0.159   -3.473
    4.290    4.223    1.446
   -7.142   -6.037   -2.248
   -8.175   -6.824   -7.434
   -4.333   -4.800   -3.807
   -5.023   -5.029   -4.505
   -1.850   -2.435   -0.763
   -8.666   -8.407   -7.446
    9.303    8.607   10.571
   -7.015   -6.141   -1.913
    0.590   -0.895   -1.929
    0.590   -0.895   -1.929
    5.712   -3.054    1.388
   -0.000   -0.486    0.810
   -1.545   -0.824    2.225
    1.945    1.606    1.938
   -4.307   -4.239   -6.282
    7.583    7.416    7.014
   -7.621   -7.690   -6.577
   -5.318   -4.938   -6.300
   -6.500   -5.895   -4.692
  -10.306  -10.337   -8.210
   -6.390   -6.336   -6.242
   -4.936   -3.522   -4.656
   -3.350   -2.105   -3.661
   -5.056   -3.390   -5.458
   -0.445    1.769   -2.365
   -3.101   -2.591   -4.352
   -7.800   -7.591   -7.119
    2.049    2.874    4.352
    2.531    3.938    4.117
   -1.320   -1.324   -3.611
    1.471    4.478    3.901
    4.979    6.164    4.468
    4.821    6.975    4.088
    2.565    3.880    2.507
  -12.124  -11.113   -8.403
    2.907    5.014    5.052
  -11.567   -9.231  -10.201
   -8.272   -9.379  -11.895
    0.000   -0.923   -2.116
    3.600    1.871    3.756
   -5.168   -4.016   -4.239
   -4.500   -3.871   -2.847
   -6.755   -2.449   -1.099
   -4.242   -2.272   -6.299
    8.269    6.376    5.855
    1.163    1.010    1.318
   -3.348   -2.491   -1.944
    3.350    3.210    3.518
    2.250    2.841    1.863
    2.800    2.763    3.169
   -0.000   -1.288   -1.250
    5.014    4.561    4.951
    4.290    5.561    6.231
   -7.124   -6.271   -7.398
   -1.736   -2.185   -2.360
   -6.755   -6.533   -2.574
   -6.741   -7.487   -8.006
    4.850    3.623    1.672
   -7.682   -7.360   -8.326
    3.447    3.286    3.381
   -2.957   -2.537   -4.287
    1.573    1.496   -0.425
    3.600    1.696    1.515
   -1.750   -0.030    0.061
   -4.366   -3.389   -1.207
    3.010    3.975    2.781
   -2.300   -1.106   -0.634
    2.326    2.258    1.780
   -2.800   -1.642   -1.228
   -1.197   -0.340   -1.627
    0.650   -0.061   -2.393
   -2.265   -2.691   -3.499
   -5.889   -5.378   -3.724
    3.031    3.185    0.028
   -6.818   -7.844   -6.468
   -6.401   -6.318   -6.409
   -7.142   -6.312   -6.136
   -7.448   -7.427   -7.293
    3.150    2.986    4.339
    2.528    3.078    0.743
   -3.078   -4.893   -5.056
    1.545    2.438    0.738
   -6.108   -4.963   -5.842
   -8.700   -9.107   -9.101
   -6.971   -4.343   -6.109
    0.972    1.095    1.775
  -10.900  -10.663   -9.320
   -3.249   -3.784    2.713
   -5.399   -4.915   -4.612
   -0.900   -1.376   -2.097
    0.000    0.079    2.329
   -2.121   -1.854   -2.960
    2.414    1.622    1.939
   -2.856   -2.497    0.028
   -4.788   -7.468   -8.564
   -6.950   -6.028   -7.346
   -6.450   -8.901   -7.019
  -14.982  -12.409  -10.544
   -9.303  -10.034   -6.390
  -10.833   -8.480   -9.492
   -9.900   -9.670  -10.458
  -10.337   -9.871   -8.940
   -7.500   -6.212   -7.357
   -7.500   -5.954   -6.449
    7.534    7.597    9.257
   -5.318   -5.556   -6.198
    0.000   -0.418   -0.513
    1.992    0.558   -1.033
  -11.827   -9.495   -7.510
   -7.550   -6.814   -6.326
   -6.582   -6.547   -7.634
    7.100    5.815    5.657
   -5.416   -5.040   -4.557
    9.848    9.120    8.340
   -5.056   -5.287   -3.436
   -2.893   -3.869   -2.054
   -5.416   -6.391   -5.499
    5.056    4.752    4.506
   -0.700   -0.171   -4.419
   -5.199   -2.468   -2.587
   -0.000   -0.591   -1.375
    2.255    2.881    5.325
    1.337    1.030    1.212
    5.889    4.035    5.677
   -0.000   -1.395   -4.473
    3.850    3.803    4.667
    2.349    1.012    2.781
    2.349    1.012    2.781
    6.600    6.663    6.222
   15.091   13.105   13.187
   -0.996   -0.717   -1.023
   -4.936   -4.163   -4.059
    2.078    1.831    2.173
    1.285    0.692   -0.728
   -4.114   -5.203   -6.259
   -2.944   -3.255   -3.877
    5.657    5.144    4.634
   -6.235   -6.391   -6.598
   -7.386   -7.269   -6.430
   -3.200   -2.760   -1.555
    1.389    1.466    5.877
    2.466    1.869    2.557
   -0.000   -2.304   -0.129
    1.493    0.061    0.502
   -1.478    1.593    0.535
   -1.667   -0.922   -0.341
    1.129    2.342   -0.373
   -3.750   -7.817   -3.619
   -1.667   -5.165   -5.241
   -6.600   -5.767   -5.474
   -6.202   -4.520   -5.529
   -1.573   -1.027   -0.391
   -9.303   -6.860   -3.963
    1.667   -0.360    0.738
   -9.192   -8.320   -8.802
   -8.100   -5.461   -7.979
   -8.666   -8.338   -8.311
   -7.236   -7.306   -6.123
   -7.583   -7.694   -8.717
  -10.833   -9.679   -8.628
   -9.706   -6.994   -7.732
   -5.657   -4.435   -5.907
    2.165    0.664   -4.438
    2.634    1.035    3.502
   -3.031   -3.003   -2.017
    7.700    5.239    5.245
   -0.000   -0.183   -0.957
   -7.600   -7.027   -6.803
   -5.110   -6.172   -5.308
   -2.900   -2.220   -1.600
  -10.243  -10.779   -9.453
   -6.582   -4.945   -6.643
   -9.553   -8.007   -6.838
   -5.826   -5.827   -6.149
    9.128    7.054    7.523
   -6.741   -6.074   -6.483
   -6.878   -4.727   -4.455
   13.337   13.776   13.515
   10.525    9.817    9.960
    8.175    7.896    2.100
    6.200    6.903    5.356
    4.070    3.764    4.210
   -6.668   -5.871   -7.011
   -4.763   -5.320   -4.898
   -3.664   -1.744   -3.331
   -2.167   -1.840   -2.969
   -0.990    0.236    0.633
   -7.236   -5.871   -7.011
    0.953    0.833    2.093
    0.000   -0.515   -0.871
    2.907    4.821    4.636
    1.667    1.559    1.110
    4.333    4.415    4.450
    3.447    3.861    2.933
   -3.811   -3.898   -4.157
   -5.168   -3.070   -3.534
   -8.363   -6.650   -3.864
    5.168    3.837    0.008
    5.850    4.068    7.618
  -12.122  -11.545  -11.694
   -2.265   -2.799   -3.700
    8.371    7.954    6.761
    5.456    7.980    7.473
    6.014    7.210    8.580
    1.350   -2.149   -3.493
    6.401    7.149    6.094
    0.000    1.483    1.475
    7.071    8.585    8.070
    2.605    3.726    2.892
   -8.733   -7.648   -7.410
   -6.500   -6.291   -6.749
  -13.787  -12.723  -11.402
   -2.828   -2.429   -2.709
   -1.111   -2.473   -2.891
   -1.197   -0.953   -2.782
   -2.250   -1.507   -3.732
   -2.250   -1.507   -3.732
   -5.416   -6.787   -7.271
    9.848    8.936    9.955
    9.613    8.489    9.424
   -6.741   -6.923   -5.423
   -2.414   -0.830   -1.621
   -8.469   -8.682   -7.695
    7.534    8.326    8.194
   11.276   10.761    9.453
   10.392    9.949    9.732
   -3.811   -3.126   -6.677
   -2.796    0.662   -0.421
   -8.469   -7.846   -7.081
    7.700    7.981    8.585
   -2.257   -3.439   -0.152
   -6.668   -5.448   -4.884
   -3.195   -3.886   -4.659
   10.188   10.457   10.523
   -2.850   -1.949   -2.694
   -1.915    0.374    0.030
   -2.944   -3.432   -4.579
    0.781    3.161    2.919
   -1.992   -2.449   -1.567
    2.531    2.405    1.745
    1.685    2.423    1.403
   -2.700   -7.262   -6.051
    6.108    7.029    6.539
    2.497    3.922    3.091
    0.000   -0.622   -1.542
   10.000    8.938    8.264
   -5.716   -5.108   -5.740
   -7.583   -6.176   -5.543
   -1.197   -3.138   -2.978
    0.990    3.186    3.436
    5.629    6.006   -0.377
   -4.135   -4.068   -4.779
    8.487    8.050    7.338
   -7.987   -7.209   -7.255
    8.487    7.078    7.447
   -7.236   -5.135   -7.365
    5.356    5.424    7.394
   -6.598   -5.548   -5.987
   -4.850   -4.530   -5.341
   -2.800   -3.946   -3.051
    0.972    0.154    0.750
    2.167   -4.590   -2.782
    9.600    9.017    8.342
   -1.007   -0.758   -4.830
    7.682    7.828    9.089
    1.750    2.764    3.889
   10.000    8.721    5.615
    6.818    5.924   -1.304
   -1.573   -1.089    1.290
   -0.000    0.184    0.889
   -8.666   -7.117   -8.679
   -8.269   -8.038   -7.240
   -3.984   -3.666   -2.801
   -4.850   -5.891   -6.709
   -4.850   -5.450   -3.664
   -8.568   -7.778   -8.275
   -6.500   -6.774   -6.222
    6.741    6.939    6.566
    0.000   -0.852    1.341
   -7.500   -8.174   -8.388
  -10.149  -11.253   -7.331
    8.273    5.776    7.267
    8.600    6.513    5.154
    7.330    6.000    4.790
   -6.500   -5.031   -5.353
   -8.600   -7.799   -8.491
    3.250    5.121    7.270
    6.741    7.131    8.246
   -6.052   -6.862   -6.906
    6.100    4.842    6.306
    7.900    7.373    5.212
    9.526    9.690    9.466
    8.503    8.878    8.488
    7.006    7.600    7.443
   -4.366   -3.725   -4.194
    0.000    0.585   -1.205
   -4.213   -4.330   -5.663
   -3.250    1.001   -1.616
   -6.500   -6.985   -2.418
    4.200    4.842    4.999
    7.288    6.985    6.456
    2.907    1.254    1.413
    1.841    1.913    4.014
   -8.197   -8.809   -7.199
   -4.041   -3.393   -4.805
    2.622   -0.025   -0.480
   -3.660   -2.987   -2.138
   -2.531   -1.505   -2.138
   -2.292   -3.978   -3.486
    4.757    5.400    5.602
    5.369    7.064    6.186
   -7.236   -6.873   -6.438
   -8.666   -7.592   -8.438
   -6.500   -6.904   -7.168
   -4.307   -4.662   -4.288
   -6.600   -6.731   -7.259
   -7.621   -6.873   -6.438
   -5.899   -6.226   -6.216
   -7.583   -6.904   -7.168
    8.269    8.205    6.640
    6.741    5.923    5.653
   11.432    9.551    9.051
    9.128    9.154    7.497
   -8.371   -7.799   -7.395
   -0.000   -2.002   -1.418
   -9.882   -9.327   -8.440
   -3.600   -4.029   -4.915
   -0.000    0.699    0.400
    3.900    2.267    7.821
   -4.949   -5.046   -3.439
   -4.432   -4.870   -6.260
    2.800    1.440    2.755
   -2.893   -4.582   -0.845
   -4.850   -4.928   -5.464
   -3.600   -3.817   -3.917
   -4.242   -4.816   -4.695
   -0.000    3.686    2.065
    4.950    6.295    5.637
   -4.850   -4.623   -4.240
   -7.386   -7.926   -7.686
   -5.657   -6.815   -4.456
    4.070    0.617   -6.812
    5.721    5.789    8.846
    6.894    7.543    7.286
   -8.269   -8.902   -9.054
    5.014    4.794    2.891
    4.450    3.315   -0.000
    0.799    0.393    1.435
   -1.539   -1.129   -1.694
   -1.320   -0.938    1.640
   -2.907   -1.861   -0.525
   -4.432   -4.482   -4.796
   11.464   11.733   10.985
   12.803   13.132   11.038
    7.881    8.640    7.819
   13.250   14.054   13.147
    2.223    2.939   -0.371
   -5.814   -3.586    2.670
   -3.577   -3.149   -0.590
   -3.289   -2.059   -3.828
   -0.000   -1.267   -0.228
    6.364    5.675    5.942
    4.290    3.910    5.778
   -3.294   -3.235   -2.889
    6.800    7.900    7.032
    4.530    5.055    3.888
   -0.799   -3.901   -1.749
    5.078    6.508    6.021
    5.078    6.609    4.150
    2.565    2.613    0.070
   -1.129   -1.106   -0.151
   -2.200    1.990    0.375
    1.858    1.436    2.654
    0.955    2.531    0.041
    6.860    8.334    6.935
   11.172   11.238   11.731
   18.793   17.973   18.202
   10.219   11.781   11.781
   11.088   10.444    9.524
    5.209    6.912    3.725
    4.763    5.847    3.862
   12.124   11.404   10.135
   -5.262   -4.893   -5.702
   -6.202   -6.463   -7.038
   -5.515   -5.083   -6.213
    2.394   -0.505   -0.297
   -5.515   -5.495   -5.680
   -5.950   -5.091   -6.260
   -9.303   -7.996   -8.359
   -6.668   -6.499   -6.529
   -3.600   -4.692   -5.693
   -7.700   -7.962   -7.800
   -4.432   -4.698   -5.284
  -10.349   -9.211   -7.691
    7.705    8.496    7.011
    5.920    5.474    5.786
   -2.634   -2.545   -3.457
    6.428    3.320    4.443
   -8.574   -7.896   -7.630
   -2.634   -2.859   -2.745
   -5.657   -5.282   -6.235
    5.716    4.750    7.407
    7.705    7.667    6.569
   10.954    7.509    7.351
   10.878    9.338    8.941
    3.400    2.794    2.371
   -3.664   -1.652   -2.121
    6.795    5.718    2.939
   -8.568   -7.676   -9.062
   -3.447   -3.379   -4.522
   11.818   12.447   11.783
    7.893    8.315    9.568
    1.847    2.503    2.398
   12.803   12.959   14.453
   -4.371   -4.731   -4.447
   -5.014   -5.467   -5.442
    4.936    5.139    5.358
   -0.000   -0.921    1.331
    3.792    3.852    4.016
    7.361    8.495    7.048
   -3.352   -3.634   -3.503
    4.500    4.470    5.684
   -2.165   -1.615   -0.548
    9.651    9.053    9.274
    1.850    3.577    3.234
    3.118    3.496    3.056
    2.443    3.725    3.887
    4.241    2.678    4.510
   -2.571   -2.451   -2.283
   -0.616   -0.481   -2.464
   -4.213   -4.191   -4.886
   -0.000   -0.246    2.503
   -3.371   -3.538   -4.428
   -4.371   -5.963   -1.853
    5.900    8.013    7.592
    1.286    3.133    0.798
   -5.400   -4.001   -1.556
    5.543    6.855    5.875
    2.265    4.319    2.083
    3.334    5.040    4.742
    3.200    1.555    2.348
    2.161    2.133    3.528
   -5.515   -5.188   -5.793
   -4.850   -5.695   -6.115
   -5.802   -4.830   -4.205
    4.300    4.233    5.843
   -1.163   -2.127   -4.329
    8.426    6.205    7.970
   -7.534   -6.671   -7.009
   -0.650    0.891   -0.136
    6.668    6.303    6.631
    9.397    8.648    5.195
    5.528    6.300    6.390
    9.209    8.709    9.562
   10.337   12.287   11.726
  -14.200  -15.650  -12.916
  -10.149  -10.248   -9.387
   -7.236   -5.858   -7.101
   -6.668   -6.037   -6.848
   -6.598   -4.875   -6.934
    5.318    4.995    3.599
    9.959    8.607    6.634
   -5.629   -5.121   -5.101
   -8.568   -7.058   -8.143
   -8.469   -8.430   -7.291
    3.100    6.520    9.992
    4.300    6.218    8.192
    7.448    8.764   10.462
   -8.269   -7.881   -6.901
   -8.363   -7.092   -5.394
   -5.356   -5.386   -1.760
    6.992    9.096    6.271
    4.900    5.958    4.890
    7.124    8.791    7.972
   -9.115   -9.571   -9.310
    7.713    8.817    6.726
    5.014    5.647    4.389
    6.755    7.172    5.066
    7.583    7.095    5.869
   -1.286   -0.298    0.797
    0.000   -1.155   -0.229
   -1.900   -2.041   -0.992
   -0.900   -0.956   -1.498
   -1.928   -2.203   -1.848
    0.000   -3.744   -2.156
   -6.582   -6.399   -5.395
   -2.200   -1.442   -1.406
    2.255    2.969    4.478
   -6.171   -5.585   -4.822
   -6.588   -7.677   -5.723
   -5.716   -5.542   -5.534
   -3.600   -3.117   -2.786
   -4.949   -4.300   -3.524
   -0.821   -1.638   -1.885
    8.426    5.904    8.075
    5.262    7.081    5.415
    2.941    4.812   -0.415
    4.250    2.065    0.142
   -4.350   -4.412   -4.537
   -6.588   -6.436   -5.606
   -1.881   -2.329   -1.627
    2.078    0.323    3.175
   -0.000   -0.514   -0.665
   -1.847   -2.266   -4.017
   -1.354   -1.379   -1.017
   -7.583   -5.672   -6.312
   -4.290   -5.012   -4.803
   -5.950   -7.236   -7.167
   -4.242   -4.603   -5.078
   -8.269   -6.459   -6.583
   -6.150   -6.469   -7.132
    6.500    6.862    8.200
    3.160    2.601    2.063
    3.796    4.289    4.358
    1.945    2.722    3.010
   12.015   11.289    9.576
    5.014    6.207    5.505
    9.526   11.244   10.390
   -4.763   -3.560   -3.071
   -5.056   -4.013   -3.439
   -0.781   -0.923   -0.847
   -4.307   -3.624   -4.060
    5.014    6.061    4.911
    7.584   10.630   10.417
    0.000    0.134    1.702
   -8.081   -6.715   -6.975
   -9.700   -8.874   -9.546
   -9.700   -8.027   -9.155
   10.900   11.971   11.124
    8.765   10.325    9.783
    6.062    6.682    5.651
    3.728    0.231    3.280
    6.100    5.797    5.702
   -4.050   -2.955   -5.090
  -10.243  -10.520  -10.739
    8.999    4.869    7.975
   -6.205   -6.593   -5.589
   -2.805   -2.160   -2.092
    9.269    9.763    9.347
   -5.439   -4.637   -4.182
   -2.681   -2.134   -3.136
   -4.242   -3.424   -3.485
    0.000   -0.051   -0.124
    1.200   -0.931   -0.353
  -10.243   -8.099   -8.383
   -5.716   -4.456   -5.087
   -0.972    1.561   -0.389
   -8.469   -6.378   -4.282
   -5.318   -4.607   -2.482
   -2.200    4.111   -3.062
   -2.599   -3.557   -1.143
   -0.000   -2.079   -3.054
   -0.000   -0.479    0.540
   -0.996   -3.804   -3.064
    2.800    2.967    0.342
    0.000   -1.043   -0.138
  -11.258   -9.191   -9.968
   -9.651   -8.040   -7.832
   -0.000   -1.609   -1.485
   -4.242   -3.628   -3.057
   -7.583   -7.392   -6.675
   -5.416   -5.692   -6.431
   -5.899   -5.714   -5.097
   -1.528   -1.527    0.725
   -1.573   -2.516   -2.760
    9.303   10.054    8.035
   -1.320   -2.616   -1.655
    3.897    2.655   -4.866
    7.584    7.336    7.336
   -9.269   -8.191   -8.386
    7.682    7.635    7.764
    4.307    3.629    3.677
   -0.608   -0.088    0.938
    1.667    0.862    1.305
   -5.716   -5.813   -7.769
   -9.346  -10.067   -8.306
  -11.432  -13.341  -11.292
   -6.108   -5.837   -5.957
  -13.241  -15.301  -16.276
    8.900    9.796   10.728
  -12.901  -11.708  -10.620
  -11.691  -12.024   -9.951
   -1.839   -1.627   -0.330
   -1.268   -0.847   -1.179
    7.842    5.587    7.317
    6.052    4.971    5.573
    9.770    8.758    2.169
    2.634    2.939    3.698
    7.713    7.126    6.690
   12.999   13.565   12.983
   16.300   15.292   13.790
    7.006    7.569    6.666
    3.386    5.015    5.691
    2.750    2.649    2.141
   -3.447   -4.136   -3.300
   -2.957    0.053   -1.179
   -5.716   -5.209   -6.127
   -5.356   -5.490   -5.058
   -6.755   -6.415   -6.874
    2.300    3.460    3.342
   -1.163   -3.408   -3.798
    2.257    5.115    4.915
    0.590    0.360    3.206
   11.719   11.797   11.707
   11.182   10.884   11.524
    6.942    8.830    7.628
    4.104    3.925    3.801
   -3.694   -1.570    0.882
   -1.493   -3.504   -2.398
   -2.622   -1.172   -2.568
   -3.897   -4.887   -5.853
  -12.122  -12.654  -11.092
   -8.175   -7.255   -7.722
   -6.500   -5.779   -5.568
   -6.700   -7.200   -6.498
   -5.416   -5.279   -5.919
   -6.296   -5.213   -4.690
   -4.432   -3.677   -5.040
   -6.500   -6.466   -6.110
    8.363    9.109    5.992
   -2.605   -3.540   -1.643
   -6.202   -5.958   -6.121
   -4.850   -5.339   -4.494
   -5.600   -5.898   -4.772
   -1.915   -1.804   -1.081
   13.098   13.689   10.679
   -0.000    0.066    0.134
   -5.335   -6.926   -6.930
    5.975    6.546    5.442
   -7.621   -7.402   -8.091
    7.708    7.969    9.543
   -2.668   -3.805   -1.493
   -0.000   -1.505   -1.074
    9.346   12.185    5.140
   -6.296   -5.186   -3.234
    1.750    0.995   -1.319
    1.200    3.349    3.336
    6.668    6.216    7.947
    6.741    7.225    6.255
    9.526    9.583    9.175
    1.573    1.676   -1.654
   -3.600   -3.736   -4.121
   -2.185   -2.586   -2.893
   -5.822   -5.370   -5.648
  -18.324  -19.437  -16.988
  -11.276  -12.031  -10.671
    9.209    8.725    7.506
    2.292    3.853    2.882
   -6.495   -6.415   -6.014
   14.283   14.764   13.848
   13.984   14.089   13.782
    4.307    3.852    3.783
  -11.719  -10.399  -14.512
   -4.323   -2.298   -2.534
    3.053    3.388    4.467
    3.985    5.645    5.598
    6.202    6.344    5.799
    9.553    9.455    7.713
   -4.041   -2.923   -2.308
   -2.828   -1.867   -1.152
   -4.850   -4.663   -3.758
    2.944   -2.361   -1.874
   -0.985   -2.500   -4.100
    5.168    7.149    6.328
    7.236    7.497    7.453
    5.168    6.106    4.838
    6.582    7.023    5.993
   -8.666   -8.563   -8.470
   -7.236   -7.494   -7.046
   -7.621   -7.389   -7.898
   -5.056   -5.459   -7.299
   -9.750   -8.526   -7.722
  -10.149  -10.294   -8.765
   -5.056   -5.092   -5.746
  -12.606  -12.606  -14.926
   -5.168   -5.327   -5.987
    6.600    6.663    6.881
    5.515    4.486    5.792
    5.515    5.798    5.898
    0.000    0.342    1.127
   10.050    7.855    6.732
   -6.202   -6.611   -6.800
   -6.600   -6.248   -6.798
   -5.600   -7.358   -7.492
   -6.600   -6.365   -6.895
   -5.657   -6.494   -3.975
  -10.000   -6.611   -7.475
  -13.156  -11.432   -9.745
    7.660    7.476    7.785
   -2.944   -2.493   -2.822
    5.515    5.876    4.153
   -1.200   -1.762    0.669
   -2.250   -2.784   -0.583
   -5.262   -3.858   -4.045
   -9.553   -9.936   -9.740
    4.692    7.849    5.776
    2.240    1.877    2.174
   11.518   14.135   11.870
   14.471   13.358   13.408
   -2.565   -1.705   -0.965
    6.108    6.018    4.248
   11.276   10.753    9.385
   -0.365   -0.739   -0.360
   -5.056   -5.047   -4.101
    4.041    4.342    3.943
    2.764    2.879    3.704
   -0.573   -1.498    0.023
  -14.000  -13.748  -13.078
   -0.938    0.221    1.429
   -1.813   -4.550   -1.260
   -0.955   -0.425   -0.470
    4.763    5.681    5.013
   -8.900   -8.204   -7.333
   -9.750   -6.671   -7.598
   -8.666   -7.821   -7.866
   -8.574   -7.286   -7.788
   -3.350   -4.446   -5.514
  -14.871  -14.916  -13.442
   -5.883   -4.707   -3.783
   -3.195    0.671   -1.483
   -9.115   -8.082   -8.572
  -11.276  -10.486   -7.605
   -8.666   -7.611   -8.779
   -7.583   -7.094   -7.869
   -8.666   -8.730   -8.673
   -8.600   -5.686   -4.901
   -3.195   -2.143   -4.288
   -5.899   -5.010   -5.919
   12.100   10.564   10.975
   11.432   12.355   11.841
   16.348   17.716   15.978
    4.936    4.415    3.037
   -0.972   -0.756   -1.645
   -8.469   -8.156   -9.973
   -1.700   -3.835    1.281
   -4.038   -4.800    3.253
    3.700    1.967    6.119
    2.327    0.787    1.846
    4.515    3.688    3.106
   -0.000    0.336    0.842
    9.613    7.970    4.726
   -3.181   -1.906   -2.375
   -2.565   -3.078   -3.261
    3.447    3.988    3.077
    2.136    1.356    1.016
    4.500    4.625    4.658
    5.000    4.311    2.529
    8.269   10.057   10.569
   -5.721   -6.119   -6.165
   -5.515   -4.199   -4.099
   -5.657   -5.839   -6.415
   -3.031   -1.204   -2.190
   -7.583   -7.399   -7.462
   -1.505   -3.622   -4.802
  -11.370   -9.949   -8.942
   -2.764   -2.881   -2.188
   -4.333   -4.962   -4.500
   -2.185   -2.744   -4.097
    0.000    1.945    1.483
    2.639    1.546    4.175
  -11.370   -6.121   -7.481
   -6.108   -5.447   -6.742
  -13.000  -12.261  -10.722
  -10.219   -9.912  -11.344
   -4.213   -4.519   -4.748
  -12.803  -12.261  -10.722
   -7.649   -7.700   -7.514
    0.000   -3.463   -3.405
    0.000   -2.072   -2.564
   -2.240   -3.474   -2.256
   -4.979   -4.066   -4.153
   -8.739    7.308    7.649
   10.833   11.415   10.890
   13.438   13.545   12.434
   13.423   15.692   16.387
   12.557   16.011   19.161
  -10.149   -9.969  -10.258
   -7.600   -3.813   -5.350
  -13.886  -12.609  -10.770
   -7.046   -3.358   -4.238
   -2.223   -1.188   -4.351
    1.915    1.626    0.288
    1.915    1.626    0.288
   -8.400   -8.955   -9.596
    5.732    6.291    6.289
   -3.278   -2.971    0.192
    5.416    3.885    3.649
    4.070    3.293    2.848
    1.563    0.764   -0.208
    2.310    2.069    1.908
    2.119    2.253   -0.644
    1.945    0.683    0.441
   -1.198   -0.285   -1.005
    9.699    9.169    8.627
   -1.563   -0.057    0.147
   -3.447   -3.937   -3.818
   -4.850   -4.043   -4.722
   -0.000   -0.593    0.432
   -3.010   -3.793   -4.384
   -3.900   -4.808   -4.468
   -5.262   -5.580   -5.438
   -6.800   -5.758   -6.238
   -3.600   -1.159   -1.998
   -2.681   -2.776   -3.537
   -1.200   -0.151   -1.458
   -2.257   -6.264   -6.071
   -7.621   -7.408   -7.621
   -1.685   -2.200    1.434
    0.590   -0.258    1.481
  -10.306   -8.987  -11.003
   -3.386   -7.411   -5.218
    4.821    6.226    6.029
    4.060    4.574    2.618
    6.700    5.603    7.422
   -6.202   -6.880   -7.455
   -6.668   -6.980   -6.563
    6.700    5.715    7.555
   -4.350   -3.919   -4.669
   -9.115   -8.116   -9.185
  -11.644  -10.378   -6.043
    3.850    1.135    2.406
   -5.917   -4.490   -5.629
    0.836   -0.220   -0.652
   -0.000    1.559    0.447
   -3.195   -3.440   -5.331
   -3.897   -3.413   -4.081
   -7.330   -7.747   -7.295
   -2.800   -2.862   -3.547
    3.350    0.685   -2.464
   -6.150   10.625   10.498
    8.660    8.933    7.750
   11.056    8.445    8.453
   -8.765   -8.983   -9.595
   -0.445   -0.137   -0.654
  -10.337  -10.650  -11.159
    4.432    5.153    4.222
   -4.290   -4.548   -4.393
   -8.666   -7.063   -7.554
    7.780    9.135    8.027
    5.262    5.396    6.591
   16.633   15.860   16.072
   -6.598   -5.590   -6.100
   -7.583   -6.325   -6.654
   -6.668   -5.265   -4.439
    2.850    1.237   -1.563
   -4.290   -5.108   -4.366
   10.342    7.043    5.575
    1.823   -1.018   -1.060
  -10.537  -10.016   -9.808
   -1.945   -1.690   -0.482
   -2.900   -3.590   -1.204
   -3.044   -4.484   -3.389
   -6.401   -4.979   -6.269
    8.568    8.599    7.527
   -5.802   -4.595   -5.921
   -4.366   -5.014   -6.097
   -5.613   -5.781   -5.856
   -0.955   -0.073   -0.727
   -4.307   -4.493   -4.852
   -6.598   -6.375   -6.182
   -2.957   -0.994   -1.384
   -4.242   -4.474   -3.336
    2.250    0.952   -1.650
   -0.000    0.405    0.868
    2.650    2.650    0.696
    2.292    2.111    2.249
    2.136    1.181    2.448
    0.399   -0.411   -0.512
    0.000    0.009   -0.157
   -5.592   -6.988   -6.046
   -2.944   -0.828   -1.990
   -5.500   -5.027   -6.376
   -7.448   -6.997   -5.833
   -4.763   -7.355   -4.145
   15.599   15.275   14.961
    2.119    3.106    1.025
    0.000    0.536    0.205
   -8.269   -7.789   -8.675
   -8.269   -7.923   -6.943
   -9.750   -9.169   -9.174
   -8.175   -8.783   -8.229
   -6.741   -7.436   -7.668
  -10.479  -10.321   -9.821
   -5.802   -5.573   -7.432
   15.500   16.108   13.895
    6.054   12.415   11.657
    8.175    8.962    8.888
   -5.917   -5.140   -5.327
    1.320   -5.412   -4.754
   -9.115   -7.248   -4.960
   13.563   10.737   11.565
    1.181    1.055    2.082
   -3.897   -4.623   -4.819
   -9.526   -7.529   -4.151
    7.842    8.473    2.116
   -1.700   -1.225   -3.253
   -1.915   -1.494   -2.335
   -5.056   -6.318   -6.034
   -0.000   -0.780   -2.262
   12.015    9.908    5.041
   13.559   13.535   15.754
    5.301    6.571    7.982
   -8.650   -6.187   -6.138
   -3.984   -5.523   -7.785
    1.126    1.473    1.657
    6.600    5.891    5.998
   -5.515   -5.095   -5.600
   -0.996   -1.627   -3.081
    4.500    4.777    4.680
    4.500    5.174    4.667
   -1.750   -0.596   -2.179
    0.799    1.012    0.754
   -1.700   -3.271   -0.418
   -0.900   -4.490   -0.328
   -0.000    0.042   -2.309
    3.300    4.333    3.303
   -7.600   -7.561   -9.025
   -4.400   -2.916   -4.223
    3.850    4.122    3.181
    5.785    5.270    5.117
    2.443    3.414    2.889
   -2.736   -3.191   -4.004
   -4.500   -5.092   -4.967
   -8.421   -7.505   -6.981
    1.000   -0.565    2.730
   -0.919   -1.700   -1.140
   -2.771   -2.509   -2.662
    2.250    2.613    2.605
   -5.600   -5.242   -6.526
   -5.416   -4.673   -3.899
   -7.048   -6.774   -6.985
    4.290    2.298    3.012
    0.000   -0.180   -1.249
   -2.185   -2.069   -1.593
   -0.000   -1.754   -1.355
    8.292    8.329    4.644
    5.400    5.038    3.232
    0.938    1.682    0.733
   -3.535   -3.682   -2.933
    1.684   -0.983   -1.314
    0.000    0.066   -1.014
   -6.108   -5.604   -5.300
   -5.543   -3.459   -2.454
   -7.048   -6.251   -5.450
   -4.300   -4.799   -5.782
   -9.353   -9.932  -10.349
   -8.400   -5.696   -5.137
   -5.822   -6.231   -4.931
   -6.954   -6.331   -6.734
   -5.400   -5.936   -5.993
   -9.353  -10.056   -9.439
   -7.583   -6.938   -7.348
   -7.583   -6.971   -7.590
   -9.269  -10.871   -9.753
   -7.583   -8.799   -7.895
   -7.583   -7.779   -8.459
   -7.700   -8.147   -8.540
   -7.700   -8.393   -8.150
   -8.666   -8.021   -8.750
   -6.668   -6.435   -7.371
   -1.992   -3.726   -3.993
   -3.700   -4.333   -4.738
    6.296    5.994    4.550
   -2.850   -3.520   -3.241
   -5.262   -5.756   -6.046
   11.699   12.093   12.151
   -3.200   -3.527   -3.879
   -1.992   -1.807   -3.170
    7.135    6.742    6.824
    1.910    6.134    5.453
    8.666    9.011    6.561
    5.209    5.621    4.983
   -3.524   -2.910    2.385
   -8.700   -8.095   -8.799
   -4.400   -3.283   -0.991
    0.781   -3.774    0.764
    4.763    5.380    5.849
   -2.681   -3.858   -4.980
   -4.157   -4.145   -0.416
    1.265    3.149    3.272
   -2.850   -4.042   -3.206
   -2.702   -3.783   -2.484
    4.549    4.015    6.361
   -8.350   -8.054   -6.952
    4.138    3.411    6.479
    4.104    3.894    4.554
   -4.235   -4.385   -3.749
   -3.850   -3.574   -4.221
   -6.588   -6.675   -6.977
   -8.350   -8.565   -7.426
    4.138    5.667    7.310
   -7.814   -7.200   -7.388
   11.900   10.153   10.267
    6.296    6.797    7.166
    4.763    4.194    5.100
   -8.574   -8.366   -8.556
    5.822    5.532    3.858
    4.235    5.556    2.837
   -8.666   -6.540   -7.371
   -4.235   -4.184   -5.982
   -8.700   -8.096   -7.072
   -2.668   -5.227   -7.260
   -2.292   -3.525   -4.376
   -0.000    0.464    2.351
   -0.000   -1.201   -3.146
   -1.543   -0.722   -2.829
    1.511    1.372   -1.016
   -6.401   -6.331   -5.699
   -6.303   -7.087   -5.180
   11.030   10.566   10.750
   -1.280   -1.027   -1.819
  -10.000   -7.202   -6.892
   -7.700   -7.200   -6.979
   -7.583   -5.818   -7.099
   11.031   11.393   11.533
   -0.000    0.602    0.402
   -7.386   -7.292   -6.600
  -11.258   -8.715   -8.230
   -1.539   -1.414   -2.792
    6.100    7.317    6.689
    7.135    5.485    5.662
   11.031   11.126   11.355
    2.501    5.696    6.386
   -3.282    2.248    3.022
   -6.942   -6.741   -8.150
   -6.600   -5.595   -6.787
   -7.700   -8.780   -9.367
   11.746   12.833   13.032
   11.345    8.961    8.556
    1.528    6.011    5.391
   -5.716   -4.280   -4.879
   -3.447   -3.596   -4.714
    2.400    2.884    4.279
   12.803   13.357   12.606
    4.432    3.219    2.769
    1.762    1.180    3.608
    1.915    3.759    3.639
   -3.600   -3.120   -4.564
    5.132    5.568    4.731
   -1.700   -4.498   -4.193
    9.128    6.514    5.558
   -8.400   -8.868   -8.709
    4.138    1.861    3.777
    3.762    1.841    0.916
   -0.000    0.193   -0.852
   -2.257   -2.543   -2.318
   -0.000   -1.736   -2.734
    6.582    6.254    2.505
    4.800    5.775    3.843
   -1.129    0.024   -2.066
    6.942    8.057    6.603
   -4.213   -2.580   -3.925
   -6.582   -7.010   -5.266
   -4.135   -3.053   -1.077
    3.471    4.911    3.351
   -6.668   -5.564   -6.445
   -3.118   -1.462   -3.475
   -7.700   -7.170   -7.271
   -6.668   -3.969   -4.808
   -3.600   -6.572   -6.178
   -3.664   -3.986   -3.843
   -1.372   -2.064   -2.781
   -4.213   -3.504   -3.127
   -4.432   -2.463   -4.859
   -4.885   -3.340   -4.413
  -16.163  -16.914  -13.106
   -6.582   -7.190   -5.338
   -0.938   -3.541   -5.767
   -7.485   -7.161   -6.434
   -8.400   -9.211   -9.616
   -3.447   -4.114   -4.558
  -14.982  -11.717  -11.794
   -6.500   -5.942   -6.299
    0.417    0.640    0.203
   -1.146   -1.686   -1.620
   -4.242   -4.606   -5.146
    6.500    4.971    4.267
    5.978    4.778    6.824
   10.735   10.317    9.455
    5.301    6.785    7.479
    2.839    2.736    3.932
    5.914    6.513    5.198
    6.054    5.418    7.680
   -3.600   -3.956   -6.611
   -1.181    0.706    0.719
   -2.692    2.911    2.813
    2.692    1.718    2.305
  -12.606  -10.969  -10.516
   -8.487   -9.643   -7.593
   17.136   16.161    4.214
   -9.679   -9.719   -9.633
    8.081    8.102    8.265
   -2.250   -1.844   -3.606
   -5.416   -4.600   -7.095
   -5.416   -4.689   -3.707
   -9.900   -8.323   -8.385
   12.640   11.409   10.844
    6.100    3.725    3.539
   18.512    7.576    6.539
   -0.000    2.030    1.861
   -8.666   -8.485   -7.983
   -8.900   -9.079   -9.052
    6.498    4.166    4.286
   -3.383   -2.205   -3.620
   -4.949   -4.387   -4.861
   -3.600   -2.597   -2.620
   -8.487   -5.911   -6.991
   -4.178   -5.264   -6.099
   -8.469   -7.960   -8.752
   -9.353   -9.555  -10.684
  -12.803  -12.965  -10.514
   -5.745   -6.522   -5.271
    3.200    3.090    1.942
    0.000    3.494   -2.308
   -3.348   -4.731   -2.550
   -8.426   -9.484  -10.539
   -6.108   -7.048   -7.229
  -17.754  -12.829  -12.914
    3.500    4.051    4.148
   -7.485   -6.614   -7.548
  -13.062  -12.820  -13.323
  -11.719  -12.720  -10.137
  -15.100  -14.445  -12.659
    0.764    1.132   -0.161
   -5.500   -6.246   -6.599
   -6.202   -5.282   -5.992
   -3.447   -3.927   -3.822
   -5.716   -5.659   -7.206
    9.963    9.147    8.901
  -17.754  -13.941  -13.236
   -5.056   -5.690   -6.676
    5.209    6.172    5.305
   12.498   11.637   10.176
   -2.250   -1.921   -1.749
    1.354    1.037    1.934
    5.899    6.052    9.339
   10.306   10.490    9.178
   -7.485   -7.801   -8.294
    2.944    3.137    2.251
  -10.800  -10.739  -10.181
   14.471   13.975   15.861
    0.799    1.066    0.817
